 &plot nbnd=  30, nks=   301 /
            0.000000  0.000000  0.000000
  -27.262  -27.210  -21.565  -18.146  -12.135   -9.364   -6.179   -5.667   -5.667   -5.401
   -5.401   -3.144   -3.144   -1.910   -1.910    2.001    4.587    4.838    4.838    5.356
    5.652    6.149    6.149    6.419    7.513    8.900   10.118   11.121   11.145   12.120
            0.005000  0.005000  0.000000
  -27.261  -27.209  -21.564  -18.145  -12.135   -9.364   -6.181   -5.669   -5.668   -5.403
   -5.401   -3.147   -3.145   -1.913   -1.911    2.003    4.586    4.840    4.841    5.357
    5.654    6.150    6.153    6.420    7.514    8.901   10.119   11.122   11.144   12.121
            0.010000  0.010000  0.000000
  -27.260  -27.208  -21.562  -18.143  -12.133   -9.363   -6.187   -5.672   -5.672   -5.409
   -5.403   -3.156   -3.148   -1.923   -1.914    2.010    4.584    4.847    4.851    5.361
    5.657    6.151    6.163    6.424    7.518    8.905   10.122   11.124   11.143   12.125
            0.015000  0.015000  0.000000
  -27.259  -27.206  -21.558  -18.140  -12.131   -9.362   -6.196   -5.678   -5.677   -5.420
   -5.406   -3.170   -3.154   -1.939   -1.919    2.021    4.579    4.857    4.868    5.368
    5.663    6.153    6.180    6.431    7.524    8.911   10.128   11.129   11.142   12.131
            0.020000  0.020000  0.000000
  -27.256  -27.204  -21.552  -18.135  -12.127   -9.361   -6.209   -5.687   -5.685   -5.435
   -5.410   -3.190   -3.161   -1.961   -1.927    2.037    4.573    4.872    4.890    5.378
    5.671    6.155    6.203    6.441    7.532    8.919   10.135   11.134   11.140   12.140
            0.025000  0.025000  0.000000
  -27.253  -27.201  -21.545  -18.129  -12.122   -9.360   -6.226   -5.699   -5.695   -5.453
   -5.415   -3.215   -3.171   -1.989   -1.936    2.056    4.565    4.890    4.917    5.390
    5.681    6.159    6.232    6.453    7.543    8.930   10.145   11.136   11.142   12.151
            0.030000  0.030000  0.000000
  -27.249  -27.197  -21.536  -18.121  -12.116   -9.358   -6.246   -5.714   -5.708   -5.475
   -5.422   -3.244   -3.183   -2.023   -1.948    2.080    4.557    4.913    4.950    5.405
    5.694    6.163    6.268    6.469    7.556    8.943   10.157   11.132   11.151   12.164
            0.035000  0.035000  0.000000
  -27.244  -27.193  -21.526  -18.113  -12.109   -9.356   -6.270   -5.732   -5.723   -5.500
   -5.429   -3.279   -3.197   -2.063   -1.962    2.106    4.547    4.939    4.987    5.423
    5.710    6.169    6.308    6.489    7.572    8.959   10.171   11.127   11.162   12.180
            0.040000  0.040000  0.000000
  -27.239  -27.188  -21.514  -18.102  -12.101   -9.353   -6.299   -5.755   -5.740   -5.527
   -5.437   -3.317   -3.213   -2.107   -1.979    2.136    4.537    4.969    5.029    5.443
    5.727    6.175    6.354    6.513    7.590    8.977   10.187   11.121   11.174   12.199
            0.045000  0.045000  0.000000
  -27.233  -27.182  -21.500  -18.091  -12.092   -9.350   -6.331   -5.782   -5.760   -5.556
   -5.447   -3.358   -3.231   -2.156   -1.997    2.169    4.527    5.003    5.074    5.467
    5.748    6.182    6.402    6.543    7.611    8.997   10.204   11.115   11.188   12.220
            0.050000  0.050000  0.000000
  -27.226  -27.175  -21.485  -18.078  -12.083   -9.347   -6.367   -5.815   -5.782   -5.586
   -5.457   -3.403   -3.251   -2.209   -2.018    2.205    4.515    5.039    5.122    5.493
    5.771    6.190    6.452    6.581    7.634    9.020   10.224   11.107   11.203   12.244
            0.055000  0.055000  0.000000
  -27.219  -27.168  -21.468  -18.064  -12.072   -9.344   -6.408   -5.854   -5.807   -5.616
   -5.468   -3.450   -3.273   -2.266   -2.040    2.242    4.504    5.079    5.172    5.522
    5.796    6.199    6.500    6.628    7.659    9.045   10.246   11.097   11.220   12.270
            0.060000  0.060000  0.000000
  -27.210  -27.161  -21.450  -18.048  -12.060   -9.341   -6.452   -5.898   -5.834   -5.645
   -5.480   -3.499   -3.297   -2.326   -2.065    2.282    4.491    5.121    5.225    5.555
    5.824    6.210    6.546    6.686    7.687    9.073   10.269   11.087   11.239   12.300
            0.065000  0.065000  0.000000
  -27.202  -27.152  -21.430  -18.031  -12.047   -9.337   -6.501   -5.949   -5.863   -5.675
   -5.493   -3.549   -3.322   -2.389   -2.092    2.323    4.479    5.166    5.279    5.590
    5.855    6.222    6.589    6.754    7.717    9.103   10.293   11.076   11.259   12.331
            0.070000  0.070000  0.000000
  -27.192  -27.143  -21.408  -18.013  -12.033   -9.333   -6.554   -6.006   -5.895   -5.705
   -5.507   -3.601   -3.349   -2.455   -2.121    2.366    4.467    5.213    5.333    5.628
    5.889    6.237    6.632    6.831    7.749    9.136   10.319   11.063   11.280   12.366
            0.075000  0.075000  0.000000
  -27.182  -27.134  -21.385  -17.993  -12.018   -9.329   -6.612   -6.068   -5.929   -5.734
   -5.522   -3.653   -3.378   -2.523   -2.151    2.410    4.454    5.261    5.388    5.668
    5.925    6.254    6.676    6.915    7.784    9.171   10.347   11.049   11.303   12.403
            0.080000  0.080000  0.000000
  -27.171  -27.124  -21.360  -17.972  -12.002   -9.325   -6.673   -6.135   -5.965   -5.764
   -5.537   -3.705   -3.409   -2.593   -2.183    2.454    4.442    5.312    5.443    5.711
    5.964    6.273    6.721    7.004    7.821    9.209   10.375   11.034   11.328   12.443
            0.085000  0.085000  0.000000
  -27.160  -27.113  -21.334  -17.949  -11.985   -9.321   -6.740   -6.206   -6.004   -5.795
   -5.553   -3.758   -3.441   -2.665   -2.217    2.500    4.429    5.363    5.499    5.756
    6.006    6.296    6.769    7.098    7.860    9.249   10.404   11.019   11.353   12.478
            0.090000  0.090000  0.000000
  -27.148  -27.102  -21.306  -17.926  -11.967   -9.316   -6.811   -6.281   -6.045   -5.827
   -5.570   -3.810   -3.475   -2.737   -2.253    2.546    4.417    5.416    5.554    5.801
    6.051    6.323    6.819    7.196    7.902    9.292   10.432   11.002   11.380   12.440
            0.095000  0.095000  0.000000
  -27.136  -27.090  -21.276  -17.900  -11.949   -9.312   -6.886   -6.359   -6.089   -5.860
   -5.587   -3.861   -3.511   -2.810   -2.290    2.592    4.405    5.469    5.609    5.847
    6.098    6.354    6.871    7.298    7.946    9.337   10.460   10.986   11.408   12.400
            0.100000  0.100000  0.000000
  -27.123  -27.077  -21.245  -17.874  -11.929   -9.308   -6.966   -6.441   -6.135   -5.894
   -5.606   -3.912   -3.548   -2.884   -2.328    2.638    4.394    5.523    5.665    5.892
    6.148    6.389    6.926    7.403    7.992    9.385   10.487   10.971   11.436   12.359
            0.105000  0.105000  0.000000
  -27.109  -27.064  -21.213  -17.846  -11.909   -9.304   -7.051   -6.524   -6.182   -5.929
   -5.625   -3.961   -3.587   -2.957   -2.367    2.684    4.383    5.577    5.722    5.936
    6.201    6.429    6.984    7.510    8.041    9.435   10.511   10.957   11.465   12.318
            0.110000  0.110000  0.000000
  -27.095  -27.051  -21.178  -17.817  -11.888   -9.300   -7.140   -6.610   -6.232   -5.965
   -5.645   -4.010   -3.628   -3.030   -2.407    2.730    4.373    5.631    5.779    5.979
    6.256    6.474    7.045    7.619    8.092    9.488   10.531   10.946   11.494   12.279
            0.115000  0.115000  0.000000
  -27.080  -27.037  -21.142  -17.787  -11.866   -9.296   -7.234   -6.698   -6.284   -6.003
   -5.665   -4.058   -3.670   -3.102   -2.449    2.776    4.363    5.684    5.836    6.021
    6.314    6.523    7.108    7.730    8.145    9.544   10.546   10.940   11.523   12.241
            0.120000  0.120000  0.000000
  -27.065  -27.022  -21.105  -17.755  -11.843   -9.293   -7.331   -6.787   -6.337   -6.043
   -5.687   -4.105   -3.715   -3.172   -2.491    2.821    4.354    5.737    5.895    6.062
    6.374    6.577    7.174    7.841    8.200    9.602   10.552   10.939   11.550   12.207
            0.125000  0.125000  0.000000
  -27.049  -27.007  -21.066  -17.722  -11.819   -9.290   -7.433   -6.877   -6.392   -6.083
   -5.709   -4.151   -3.761   -3.241   -2.534    2.865    4.346    5.789    5.953    6.103
    6.436    6.636    7.242    7.952    8.258    9.662   10.551   10.947   11.575   12.177
            0.130000  0.130000  0.000000
  -27.033  -26.991  -21.025  -17.687  -11.795   -9.288   -7.539   -6.968   -6.449   -6.126
   -5.733   -4.196   -3.809   -3.308   -2.577    2.908    4.340    5.839    6.012    6.145
    6.500    6.697    7.313    8.063    8.318    9.725   10.541   10.961   11.596   12.155
            0.135000  0.135000  0.000000
  -27.016  -26.976  -20.983  -17.651  -11.770   -9.286   -7.648   -7.060   -6.507   -6.169
   -5.757   -4.241   -3.858   -3.372   -2.621    2.951    4.334    5.887    6.071    6.190
    6.566    6.761    7.386    8.173    8.381    9.789   10.523   10.981   11.613   12.141
            0.140000  0.140000  0.000000
  -26.999  -26.959  -20.939  -17.614  -11.745   -9.286   -7.761   -7.152   -6.566   -6.214
   -5.782   -4.286   -3.909   -3.434   -2.665    2.993    4.330    5.934    6.129    6.239
    6.633    6.828    7.461    8.280    8.446    9.856   10.501   11.007   11.623   12.137
            0.145000  0.145000  0.000000
  -26.982  -26.943  -20.894  -17.576  -11.719   -9.287   -7.876   -7.245   -6.627   -6.260
   -5.808   -4.331   -3.962   -3.493   -2.709    3.033    4.328    5.977    6.185    6.293
    6.703    6.897    7.538    8.385    8.515    9.923   10.475   11.035   11.628   12.144
            0.150000  0.150000  0.000000
  -26.964  -26.925  -20.847  -17.536  -11.693   -9.289   -7.993   -7.338   -6.689   -6.307
   -5.836   -4.376   -4.015   -3.549   -2.754    3.072    4.327    6.018    6.241    6.352
    6.774    6.967    7.617    8.485    8.587    9.989   10.450   11.065   11.626   12.162
            0.155000  0.155000  0.000000
  -26.945  -26.908  -20.798  -17.495  -11.666   -9.294   -8.112   -7.430   -6.752   -6.356
   -5.864   -4.423   -4.068   -3.603   -2.799    3.110    4.328    6.055    6.296    6.416
    6.846    7.038    7.697    8.579    8.664   10.051   10.429   11.096   11.621   12.191
            0.160000  0.160000  0.000000
  -26.927  -26.890  -20.748  -17.453  -11.639   -9.300   -8.232   -7.523   -6.815   -6.405
   -5.893   -4.471   -4.120   -3.653   -2.843    3.147    4.330    6.089    6.351    6.484
    6.920    7.110    7.779    8.668    8.745   10.103   10.421   11.127   11.613   12.228
            0.165000  0.165000  0.000000
  -26.908  -26.872  -20.696  -17.409  -11.611   -9.310   -8.352   -7.615   -6.879   -6.455
   -5.923   -4.521   -4.172   -3.701   -2.888    3.181    4.335    6.121    6.407    6.555
    6.996    7.183    7.861    8.751    8.829   10.136   10.434   11.157   11.605   12.273
            0.170000  0.170000  0.000000
  -26.888  -26.854  -20.643  -17.364  -11.584   -9.325   -8.471   -7.707   -6.944   -6.507
   -5.955   -4.573   -4.221   -3.747   -2.932    3.215    4.341    6.151    6.464    6.629
    7.072    7.256    7.943    8.832    8.912   10.146   10.474   11.186   11.597   12.324
            0.175000  0.175000  0.000000
  -26.869  -26.835  -20.588  -17.318  -11.556   -9.344   -8.588   -7.797   -7.009   -6.559
   -5.987   -4.627   -4.269   -3.791   -2.976    3.247    4.350    6.178    6.522    6.705
    7.151    7.329    8.026    8.912    8.993   10.139   10.536   11.213   11.592   12.380
            0.180000  0.180000  0.000000
  -26.849  -26.816  -20.532  -17.270  -11.529   -9.371   -8.701   -7.886   -7.075   -6.612
   -6.021   -4.684   -4.314   -3.833   -3.020    3.277    4.361    6.204    6.580    6.784
    7.230    7.401    8.108    8.993    9.068   10.124   10.612   11.238   11.589   12.440
            0.185000  0.185000  0.000000
  -26.829  -26.797  -20.474  -17.221  -11.502   -9.407   -8.808   -7.972   -7.141   -6.665
   -6.055   -4.744   -4.357   -3.873   -3.063    3.305    4.374    6.229    6.638    6.865
    7.311    7.473    8.189    9.075    9.139   10.109   10.696   11.262   11.590   12.505
            0.190000  0.190000  0.000000
  -26.809  -26.778  -20.414  -17.171  -11.475   -9.454   -8.908   -8.057   -7.207   -6.719
   -6.091   -4.805   -4.397   -3.911   -3.106    3.332    4.389    6.251    6.696    6.948
    7.393    7.544    8.269    9.157    9.204   10.097   10.785   11.284   11.593   12.573
            0.195000  0.195000  0.000000
  -26.789  -26.758  -20.353  -17.120  -11.450   -9.516   -8.996   -8.138   -7.274   -6.773
   -6.127   -4.867   -4.436   -3.947   -3.149    3.358    4.405    6.273    6.753    7.033
    7.477    7.613    8.347    9.239    9.265   10.092   10.877   11.306   11.599   12.645
            0.200000  0.200000  0.000000
  -26.768  -26.739  -20.291  -17.067  -11.426   -9.592   -9.075   -8.215   -7.340   -6.828
   -6.165   -4.931   -4.472   -3.982   -3.191    3.382    4.424    6.293    6.810    7.120
    7.561    7.680    8.424    9.307    9.335   10.094   10.971   11.328   11.608   12.719
            0.205000  0.205000  0.000000
  -26.748  -26.719  -20.226  -17.013  -11.403   -9.681   -9.145   -8.288   -7.406   -6.883
   -6.203   -4.996   -4.508   -4.015   -3.232    3.405    4.444    6.312    6.866    7.209
    7.647    7.744    8.498    9.358    9.420   10.104   11.066   11.351   11.617   12.797
            0.210000  0.210000  0.000000
  -26.727  -26.699  -20.161  -16.958  -11.383   -9.779   -9.209   -8.356   -7.472   -6.937
   -6.243   -5.061   -4.542   -4.047   -3.273    3.427    4.466    6.330    6.920    7.299
    7.733    7.806    8.570    9.403    9.509   10.123   11.162   11.376   11.628   12.877
            0.215000  0.215000  0.000000
  -26.706  -26.679  -20.093  -16.901  -11.366   -9.884   -9.270   -8.418   -7.538   -6.992
   -6.283   -5.126   -4.575   -4.078   -3.313    3.449    4.490    6.345    6.973    7.390
    7.817    7.867    8.641    9.446    9.600   10.150   11.257   11.403   11.639   12.960
            0.220000  0.220000  0.000000
  -26.685  -26.659  -20.025  -16.844  -11.353   -9.991   -9.333   -8.474   -7.603   -7.046
   -6.325   -5.191   -4.607   -4.107   -3.353    3.469    4.514    6.360    7.024    7.482
    7.888    7.938    8.710    9.488    9.693   10.185   11.349   11.435   11.651   13.046
            0.225000  0.225000  0.000000
  -26.665  -26.639  -19.954  -16.785  -11.345  -10.097   -9.397   -8.524   -7.668   -7.100
   -6.367   -5.255   -4.639   -4.135   -3.392    3.489    4.540    6.372    7.074    7.573
    7.943    8.024    8.778    9.531    9.787   10.227   11.425   11.485   11.663   13.134
            0.230000  0.230000  0.000000
  -26.644  -26.619  -19.883  -16.724  -11.345  -10.200   -9.464   -8.568   -7.733   -7.154
   -6.410   -5.319   -4.670   -4.161   -3.430    3.508    4.566    6.383    7.121    7.663
    7.989    8.117    8.848    9.576    9.882   10.276   11.470   11.566   11.677   13.224
            0.235000  0.235000  0.000000
  -26.623  -26.599  -19.809  -16.663  -11.355  -10.296   -9.534   -8.607   -7.797   -7.206
   -6.454   -5.382   -4.702   -4.187   -3.468    3.528    4.593    6.391    7.166    7.747
    8.034    8.212    8.918    9.622    9.979   10.331   11.505   11.648   11.701   13.316
            0.240000  0.240000  0.000000
  -26.603  -26.580  -19.735  -16.600  -11.376  -10.383   -9.606   -8.641   -7.860   -7.258
   -6.498   -5.444   -4.733   -4.211   -3.505    3.547    4.621    6.398    7.209    7.822
    8.084    8.310    8.990    9.670   10.077   10.392   11.537   11.685   11.773   13.411
            0.245000  0.245000  0.000000
  -26.582  -26.560  -19.658  -16.537  -11.412  -10.459   -9.680   -8.671   -7.922   -7.309
   -6.543   -5.504   -4.763   -4.234   -3.541    3.566    4.648    6.402    7.249    7.880
    8.147    8.409    9.063    9.719   10.176   10.461   11.568   11.701   11.870   13.507
            0.250000  0.250000  0.000000
  -26.562  -26.540  -19.581  -16.472  -11.464  -10.522   -9.755   -8.699   -7.983   -7.359
   -6.588   -5.564   -4.794   -4.256   -3.577    3.585    4.676    6.405    7.287    7.920
    8.225    8.511    9.138    9.770   10.276   10.535   11.597   11.716   11.970   13.606
            0.255000  0.255000  0.000000
  -26.542  -26.521  -19.501  -16.405  -11.531  -10.573   -9.829   -8.724   -8.043   -7.407
   -6.634   -5.622   -4.825   -4.277   -3.612    3.605    4.704    6.405    7.322    7.946
    8.316    8.613    9.214    9.822   10.375   10.616   11.623   11.732   12.072   13.706
            0.260000  0.260000  0.000000
  -26.522  -26.502  -19.421  -16.338  -11.613  -10.615   -9.900   -8.749   -8.102   -7.454
   -6.681   -5.679   -4.855   -4.297   -3.646    3.625    4.731    6.403    7.355    7.961
    8.416    8.717    9.290    9.878   10.476   10.704   11.646   11.751   12.175   13.808
            0.265000  0.265000  0.000000
  -26.502  -26.483  -19.339  -16.270  -11.708  -10.651   -9.967   -8.772   -8.159   -7.500
   -6.727   -5.734   -4.885   -4.315   -3.680    3.645    4.757    6.400    7.386    7.972
    8.521    8.821    9.364    9.936   10.576   10.798   11.665   11.772   12.281   13.912
            0.270000  0.270000  0.000000
  -26.483  -26.464  -19.255  -16.200  -11.812  -10.686  -10.026   -8.795   -8.215   -7.543
   -6.774   -5.788   -4.916   -4.333   -3.713    3.666    4.783    6.395    7.414    7.979
    8.629    8.925    9.438   10.000   10.676   10.897   11.682   11.795   12.388   14.018
            0.275000  0.275000  0.000000
  -26.463  -26.446  -19.170  -16.130  -11.923  -10.724  -10.076   -8.819   -8.269   -7.586
   -6.821   -5.840   -4.946   -4.350   -3.746    3.688    4.807    6.389    7.440    7.985
    8.738    9.029    9.509   10.070   10.776   11.001   11.699   11.819   12.497   14.125
            0.280000  0.280000  0.000000
  -26.445  -26.428  -19.084  -16.058  -12.039  -10.768  -10.114   -8.844   -8.322   -7.626
   -6.869   -5.891   -4.975   -4.367   -3.778    3.710    4.830    6.383    7.464    7.990
    8.848    9.132    9.580   10.148   10.877   11.109   11.715   11.842   12.608   14.234
            0.285000  0.285000  0.000000
  -26.426  -26.410  -18.997  -15.986  -12.160  -10.822  -10.140   -8.870   -8.372   -7.664
   -6.916   -5.939   -5.005   -4.382   -3.809    3.733    4.852    6.376    7.485    7.996
    8.954    9.233    9.653   10.232   10.977   11.221   11.732   11.866   12.721   14.343
            0.290000  0.290000  0.000000
  -26.408  -26.392  -18.908  -15.912  -12.282  -10.885  -10.154   -8.897   -8.420   -7.700
   -6.963   -5.986   -5.035   -4.397   -3.840    3.757    4.871    6.369    7.504    8.003
    9.053    9.333    9.730   10.324   11.078   11.335   11.751   11.888   12.835   14.454
            0.295000  0.295000  0.000000
  -26.390  -26.375  -18.818  -15.838  -12.407  -10.956  -10.158   -8.926   -8.467   -7.734
   -7.010   -6.032   -5.064   -4.411   -3.870    3.782    4.889    6.363    7.521    8.011
    9.141    9.435    9.814   10.422   11.178   11.450   11.772   11.911   12.952   14.567
            0.300000  0.300000  0.000000
  -26.373  -26.359  -18.726  -15.762  -12.532  -11.035  -10.153   -8.957   -8.511   -7.766
   -7.057   -6.075   -5.092   -4.424   -3.899    3.807    4.905    6.359    7.536    8.021
    9.212    9.541    9.908   10.526   11.278   11.563   11.798   11.935   13.071   14.679
            0.305000  0.305000  0.000000
  -26.356  -26.342  -18.634  -15.686  -12.657  -11.118  -10.142   -8.989   -8.553   -7.795
   -7.104   -6.117   -5.121   -4.437   -3.929    3.833    4.918    6.355    7.548    8.032
    9.265    9.654   10.011   10.635   11.377   11.670   11.832   11.962   13.192   14.793
            0.310000  0.310000  0.000000
  -26.340  -26.327  -18.540  -15.610  -12.783  -11.206  -10.126   -9.023   -8.593   -7.823
   -7.150   -6.156   -5.149   -4.449   -3.957    3.860    4.929    6.355    7.558    8.045
    9.300    9.775   10.122   10.749   11.473   11.758   11.880   12.001   13.315   14.907
            0.315000  0.315000  0.000000
  -26.324  -26.311  -18.445  -15.533  -12.907  -11.296  -10.106   -9.058   -8.632   -7.848
   -7.196   -6.194   -5.177   -4.460   -3.985    3.888    4.938    6.356    7.567    8.060
    9.321    9.903   10.241   10.865   11.565   11.818   11.934   12.069   13.440   15.020
            0.320000  0.320000  0.000000
  -26.309  -26.297  -18.350  -15.455  -13.031  -11.389  -10.084   -9.094   -8.669   -7.872
   -7.241   -6.230   -5.204   -4.471   -4.013    3.916    4.944    6.360    7.573    8.077
    9.330   10.035   10.366   10.984   11.650   11.863   11.979   12.170   13.567   15.133
            0.325000  0.325000  0.000000
  -26.294  -26.282  -18.253  -15.377  -13.152  -11.483  -10.061   -9.131   -8.705   -7.893
   -7.286   -6.264   -5.230   -4.481   -4.040    3.945    4.949    6.367    7.577    8.095
    9.331   10.172   10.495   11.104   11.725   11.908   12.020   12.291   13.695   15.245
            0.330000  0.330000  0.000000
  -26.280  -26.269  -18.155  -15.300  -13.272  -11.578  -10.037   -9.167   -8.740   -7.913
   -7.330   -6.295   -5.256   -4.490   -4.066    3.975    4.951    6.377    7.579    8.116
    9.324   10.312   10.629   11.223   11.785   11.957   12.068   12.420   13.825   15.353
            0.335000  0.335000  0.000000
  -26.267  -26.255  -18.057  -15.223  -13.389  -11.674  -10.013   -9.204   -8.773   -7.931
   -7.374   -6.325   -5.282   -4.499   -4.092    4.005    4.952    6.390    7.580    8.138
    9.312   10.455   10.766   11.340   11.831   12.011   12.127   12.555   13.956   15.456
            0.340000  0.340000  0.000000
  -26.254  -26.243  -17.958  -15.147  -13.503  -11.770   -9.989   -9.239   -8.806   -7.947
   -7.416   -6.353   -5.306   -4.508   -4.117    4.035    4.952    6.406    7.579    8.161
    9.296   10.600   10.906   11.450   11.870   12.066   12.198   12.693   14.088   15.549
            0.345000  0.345000  0.000000
  -26.241  -26.231  -17.858  -15.073  -13.613  -11.866   -9.966   -9.273   -8.839   -7.963
   -7.458   -6.379   -5.330   -4.516   -4.142    4.065    4.950    6.425    7.576    8.186
    9.276   10.747   11.049   11.548   11.910   12.124   12.277   12.835   14.221   15.623
            0.350000  0.350000  0.000000
  -26.230  -26.219  -17.759  -15.002  -13.716  -11.962   -9.945   -9.305   -8.870   -7.977
   -7.499   -6.402   -5.354   -4.523   -4.167    4.095    4.949    6.446    7.573    8.212
    9.254   10.894   11.194   11.628   11.959   12.189   12.360   12.978   14.354   15.660
            0.355000  0.355000  0.000000
  -26.219  -26.209  -17.659  -14.936  -13.812  -12.057   -9.926   -9.333   -8.901   -7.990
   -7.538   -6.424   -5.376   -4.530   -4.191    4.125    4.947    6.470    7.569    8.239
    9.229   11.041   11.340   11.687   12.018   12.266   12.444   13.123   14.486   15.633
            0.360000  0.360000  0.000000
  -26.208  -26.199  -17.559  -14.878  -13.897  -12.152   -9.911   -9.359   -8.932   -8.002
   -7.576   -6.443   -5.398   -4.536   -4.214    4.154    4.947    6.496    7.563    8.268
    9.203   11.186   11.487   11.731   12.082   12.358   12.529   13.270   14.616   15.540
            0.365000  0.365000  0.000000
  -26.198  -26.189  -17.460  -14.832  -13.967  -12.246   -9.899   -9.380   -8.962   -8.013
   -7.613   -6.461   -5.419   -4.542   -4.237    4.182    4.947    6.523    7.557    8.297
    9.175   11.322   11.628   11.777   12.143   12.464   12.613   13.419   14.739   15.408
            0.370000  0.370000  0.000000
  -26.189  -26.180  -17.362  -14.802  -14.018  -12.339   -9.892   -9.396   -8.992   -8.025
   -7.647   -6.476   -5.439   -4.548   -4.259    4.210    4.950    6.553    7.550    8.327
    9.148   11.440   11.748   11.856   12.201   12.578   12.700   13.568   14.846   15.258
            0.375000  0.375000  0.000000
  -26.181  -26.172  -17.265  -14.793  -14.042  -12.431   -9.891   -9.406   -9.021   -8.036
   -7.680   -6.489   -5.457   -4.552   -4.281    4.235    4.955    6.583    7.543    8.357
    9.120   11.524   11.846   11.985   12.257   12.689   12.798   13.717   14.908   15.105
            0.380000  0.380000  0.000000
  -26.174  -26.165  -17.171  -14.807  -14.040  -12.521   -9.894   -9.411   -9.050   -8.047
   -7.711   -6.501   -5.475   -4.557   -4.303    4.259    4.962    6.615    7.535    8.388
    9.093   11.568   11.959   12.133   12.314   12.780   12.917   13.865   14.871   14.962
            0.385000  0.385000  0.000000
  -26.167  -26.158  -17.079  -14.840  -14.015  -12.609   -9.902   -9.412   -9.078   -8.058
   -7.739   -6.510   -5.492   -4.560   -4.323    4.280    4.973    6.647    7.527    8.419
    9.067   11.585   12.083   12.281   12.381   12.854   13.054   14.008   14.746   14.832
            0.390000  0.390000  0.000000
  -26.161  -26.152  -16.992  -14.885  -13.971  -12.695   -9.914   -9.408   -9.105   -8.070
   -7.765   -6.517   -5.508   -4.564   -4.344    4.300    4.988    6.680    7.518    8.450
    9.043   11.587   12.197   12.414   12.483   12.917   13.200   14.135   14.602   14.705
            0.395000  0.395000  0.000000
  -26.155  -26.147  -16.910  -14.936  -13.916  -12.777   -9.930   -9.401   -9.131   -8.083
   -7.788   -6.523   -5.522   -4.566   -4.363    4.317    5.006    6.714    7.510    8.481
    9.022   11.582   12.283   12.538   12.625   12.973   13.349   14.211   14.471   14.602
            0.400000  0.400000  0.000000
  -26.150  -26.142  -16.835  -14.986  -13.855  -12.855   -9.947   -9.393   -9.156   -8.096
   -7.807   -6.526   -5.536   -4.569   -4.382    4.332    5.029    6.747    7.501    8.511
    9.003   11.571   12.340   12.680   12.774   13.026   13.499   14.166   14.355   14.597
            0.405000  0.405000  0.000000
  -26.146  -26.138  -16.770  -15.032  -13.793  -12.926   -9.967   -9.384   -9.179   -8.110
   -7.824   -6.528   -5.548   -4.571   -4.401    4.344    5.055    6.780    7.492    8.541
    8.988   11.556   12.378   12.831   12.910   13.089   13.640   14.041   14.237   14.647
            0.410000  0.410000  0.000000
  -26.143  -26.135  -16.715  -15.068  -13.735  -12.988   -9.987   -9.377   -9.199   -8.125
   -7.837   -6.528   -5.559   -4.572   -4.419    4.355    5.084    6.812    7.482    8.568
    8.978   11.539   12.404   12.957   13.033   13.185   13.746   13.902   14.146   14.626
            0.415000  0.415000  0.000000
  -26.141  -26.133  -16.675  -15.091  -13.686  -13.035  -10.007   -9.373   -9.215   -8.141
   -7.846   -6.526   -5.568   -4.574   -4.436    4.364    5.116    6.843    7.473    8.594
    8.974   11.520   12.421   13.009   13.184   13.309   13.727   13.802   14.150   14.530
            0.420000  0.420000  0.000000
  -26.139  -26.131  -16.650  -15.100  -13.655  -13.060  -10.028   -9.375   -9.225   -8.157
   -7.853   -6.523   -5.576   -4.575   -4.452    4.371    5.152    6.874    7.464    8.617
    8.975   11.500   12.431   13.023   13.333   13.400   13.631   13.736   14.250   14.415
            0.425000  0.425000  0.000000
  -26.138  -26.130  -16.641  -15.093  -13.646  -13.059  -10.047   -9.383   -9.229   -8.174
   -7.856   -6.518   -5.583   -4.576   -4.467    4.378    5.189    6.904    7.455    8.638
    8.983   11.477   12.433   13.017   13.351   13.411   13.640   13.745   14.268   14.420
            0.430000  0.430000  0.000000
  -26.137  -26.129  -16.649  -15.069  -13.662  -13.030  -10.065   -9.397   -9.228   -8.190
   -7.856   -6.512   -5.587   -4.577   -4.481    4.384    5.228    6.932    7.446    8.656
    8.998   11.454   12.427   12.994   13.223   13.343   13.756   13.832   14.190   14.556
            0.435000  0.435000  0.000000
  -26.138  -26.130  -16.673  -15.030  -13.696  -12.979  -10.082   -9.415   -9.224   -8.206
   -7.854   -6.504   -5.591   -4.579   -4.494    4.390    5.269    6.959    7.438    8.672
    9.020   11.429   12.413   12.954   13.083   13.228   13.804   13.954   14.204   14.678
            0.440000  0.440000  0.000000
  -26.139  -26.131  -16.710  -14.979  -13.741  -12.913  -10.097   -9.436   -9.217   -8.222
   -7.849   -6.495   -5.592   -4.581   -4.504    4.396    5.310    6.983    7.431    8.687
    9.047   11.403   12.390   12.888   12.946   13.109   13.722   14.115   14.316   14.728
            0.445000  0.445000  0.000000
  -26.140  -26.132  -16.759  -14.918  -13.790  -12.837  -10.111   -9.459   -9.210   -8.237
   -7.841   -6.485   -5.592   -4.585   -4.512    4.402    5.351    7.006    7.424    8.701
    9.078   11.376   12.357   12.778   12.832   12.999   13.602   14.263   14.458   14.707
            0.450000  0.450000  0.000000
  -26.143  -26.135  -16.817  -14.853  -13.839  -12.756  -10.122   -9.483   -9.204   -8.251
   -7.831   -6.474   -5.590   -4.590   -4.518    4.408    5.392    7.026    7.420    8.716
    9.114   11.348   12.314   12.646   12.720   12.900   13.472   14.336   14.599   14.731
            0.455000  0.455000  0.000000
  -26.146  -26.137  -16.882  -14.787  -13.882  -12.670  -10.130   -9.508   -9.198   -8.265
   -7.818   -6.462   -5.586   -4.597   -4.521    4.414    5.433    7.043    7.419    8.732
    9.153   11.318   12.257   12.516   12.598   12.807   13.339   14.290   14.752   14.850
            0.460000  0.460000  0.000000
  -26.149  -26.141  -16.952  -14.727  -13.915  -12.583  -10.136   -9.533   -9.193   -8.277
   -7.802   -6.449   -5.580   -4.605   -4.522    4.421    5.472    7.057    7.421    8.750
    9.195   11.286   12.184   12.394   12.469   12.712   13.205   14.189   14.916   14.996
            0.465000  0.465000  0.000000
  -26.154  -26.145  -17.026  -14.678  -13.930  -12.494  -10.138   -9.558   -9.189   -8.289
   -7.785   -6.436   -5.571   -4.614   -4.521    4.429    5.510    7.066    7.428    8.769
    9.239   11.252   12.094   12.284   12.338   12.613   13.071   14.072   15.055   15.145
            0.470000  0.470000  0.000000
  -26.158  -26.150  -17.103  -14.649  -13.922  -12.406  -10.137   -9.584   -9.186   -8.300
   -7.765   -6.422   -5.561   -4.623   -4.519    4.438    5.545    7.072    7.440    8.791
    9.284   11.217   11.987   12.184   12.206   12.508   12.940   13.949   15.102   15.308
            0.475000  0.475000  0.000000
  -26.164  -26.155  -17.182  -14.643  -13.888  -12.317  -10.133   -9.610   -9.185   -8.310
   -7.743   -6.407   -5.548   -4.633   -4.515    4.447    5.578    7.074    7.457    8.814
    9.331   11.178   11.872   12.075   12.088   12.399   12.810   13.825   15.059   15.475
            0.480000  0.480000  0.000000
  -26.170  -26.161  -17.262  -14.658  -13.829  -12.230  -10.125   -9.637   -9.184   -8.319
   -7.718   -6.393   -5.533   -4.642   -4.511    4.457    5.608    7.072    7.480    8.839
    9.378   11.136   11.754   11.944   11.989   12.285   12.682   13.700   14.977   15.631
            0.485000  0.485000  0.000000
  -26.177  -26.167  -17.343  -14.690  -13.751  -12.144  -10.112   -9.663   -9.184   -8.328
   -7.691   -6.377   -5.516   -4.650   -4.506    4.467    5.634    7.067    7.508    8.866
    9.426   11.089   11.637   11.815   11.886   12.169   12.557   13.576   14.880   15.759
            0.490000  0.490000  0.000000
  -26.184  -26.174  -17.425  -14.734  -13.658  -12.060  -10.095   -9.689   -9.184   -8.336
   -7.663   -6.362   -5.497   -4.658   -4.501    4.478    5.656    7.060    7.542    8.895
    9.474   11.036   11.523   11.686   11.778   12.052   12.434   13.453   14.776   15.843
            0.495000  0.495000  0.000000
  -26.191  -26.182  -17.507  -14.785  -13.556  -11.978  -10.074   -9.715   -9.185   -8.344
   -7.633   -6.347   -5.475   -4.666   -4.495    4.490    5.674    7.051    7.580    8.925
    9.521   10.977   11.413   11.557   11.665   11.935   12.315   13.331   14.669   15.876
            0.500000  0.500000  0.000000
  -26.199  -26.190  -17.589  -14.842  -13.447  -11.899  -10.047   -9.741   -9.185   -8.351
   -7.600   -6.331   -5.451   -4.673   -4.489    4.503    5.687    7.042    7.623    8.955
    9.568   10.909   11.308   11.426   11.550   11.820   12.200   13.211   14.562   15.865
            0.501667  0.498333  0.000000
  -26.202  -26.192  -17.609  -14.858  -13.445  -11.886  -10.027   -9.737   -9.167   -8.340
   -7.592   -6.331   -5.445   -4.659   -4.482    4.492    5.659    7.045    7.585    8.915
    9.558   10.913   11.292   11.416   11.555   11.827   12.175   13.182   14.536   15.852
            0.503333  0.496667  0.000000
  -26.205  -26.195  -17.630  -14.875  -13.442  -11.874  -10.009   -9.731   -9.149   -8.329
   -7.583   -6.331   -5.439   -4.645   -4.474    4.480    5.630    7.048    7.549    8.875
    9.548   10.914   11.277   11.402   11.564   11.834   12.150   13.153   14.509   15.839
            0.505000  0.495000  0.000000
  -26.207  -26.197  -17.650  -14.891  -13.439  -11.862   -9.993   -9.723   -9.132   -8.317
   -7.574   -6.331   -5.434   -4.632   -4.465    4.468    5.600    7.049    7.516    8.836
    9.538   10.911   11.262   11.389   11.576   11.842   12.127   13.124   14.483   15.824
            0.506667  0.493333  0.000000
  -26.210  -26.200  -17.670  -14.907  -13.436  -11.851   -9.979   -9.714   -9.114   -8.305
   -7.565   -6.331   -5.428   -4.620   -4.455    4.456    5.571    7.048    7.485    8.797
    9.529   10.904   11.247   11.378   11.589   11.849   12.104   13.096   14.458   15.810
            0.508333  0.491667  0.000000
  -26.213  -26.203  -17.690  -14.924  -13.434  -11.839   -9.967   -9.701   -9.097   -8.292
   -7.557   -6.331   -5.421   -4.610   -4.445    4.443    5.540    7.044    7.458    8.760
    9.519   10.893   11.231   11.370   11.604   11.856   12.082   13.068   14.432   15.795
            0.510000  0.490000  0.000000
  -26.215  -26.205  -17.710  -14.940  -13.431  -11.828   -9.958   -9.687   -9.080   -8.278
   -7.548   -6.331   -5.415   -4.600   -4.433    4.430    5.510    7.037    7.436    8.722
    9.510   10.880   11.213   11.366   11.619   11.863   12.061   13.040   14.406   15.780
            0.511667  0.488333  0.000000
  -26.218  -26.208  -17.730  -14.956  -13.428  -11.818   -9.951   -9.670   -9.063   -8.264
   -7.539   -6.331   -5.409   -4.591   -4.420    4.416    5.479    7.026    7.417    8.686
    9.501   10.864   11.193   11.365   11.634   11.870   12.042   13.012   14.381   15.764
            0.513333  0.486667  0.000000
  -26.221  -26.211  -17.749  -14.972  -13.425  -11.807   -9.946   -9.651   -9.047   -8.249
   -7.531   -6.330   -5.403   -4.582   -4.407    4.402    5.449    7.011    7.404    8.650
    9.491   10.847   11.171   11.367   11.649   11.876   12.024   12.984   14.355   15.749
            0.515000  0.485000  0.000000
  -26.223  -26.213  -17.769  -14.987  -13.422  -11.797   -9.944   -9.630   -9.031   -8.234
   -7.522   -6.330   -5.396   -4.575   -4.392    4.387    5.418    6.991    7.396    8.615
    9.482   10.827   11.149   11.371   11.664   11.883   12.008   12.957   14.330   15.733
            0.516667  0.483333  0.000000
  -26.226  -26.216  -17.788  -15.003  -13.418  -11.787   -9.943   -9.607   -9.016   -8.219
   -7.514   -6.330   -5.390   -4.568   -4.377    4.371    5.387    6.968    7.392    8.581
    9.473   10.806   11.125   11.375   11.679   11.890   11.993   12.929   14.305   15.716
            0.518333  0.481667  0.000000
  -26.229  -26.218  -17.807  -15.018  -13.415  -11.777   -9.943   -9.583   -9.000   -8.203
   -7.505   -6.329   -5.383   -4.562   -4.362    4.355    5.357    6.941    7.392    8.548
    9.463   10.785   11.101   11.380   11.693   11.896   11.981   12.903   14.280   15.700
            0.520000  0.480000  0.000000
  -26.232  -26.221  -17.826  -15.034  -13.412  -11.767   -9.945   -9.558   -8.985   -8.186
   -7.496   -6.329   -5.377   -4.556   -4.346    4.338    5.327    6.912    7.395    8.515
    9.454   10.762   11.077   11.385   11.706   11.903   11.971   12.876   14.256   15.683
            0.521667  0.478333  0.000000
  -26.234  -26.224  -17.845  -15.049  -13.408  -11.758   -9.947   -9.533   -8.971   -8.170
   -7.488   -6.328   -5.370   -4.551   -4.329    4.321    5.297    6.881    7.401    8.483
    9.445   10.739   11.052   11.390   11.717   11.909   11.963   12.849   14.231   15.666
            0.523333  0.476667  0.000000
  -26.237  -26.226  -17.864  -15.064  -13.405  -11.749   -9.951   -9.507   -8.956   -8.153
   -7.479   -6.327   -5.363   -4.546   -4.312    4.302    5.268    6.848    7.409    8.452
    9.436   10.715   11.027   11.393   11.728   11.917   11.958   12.823   14.207   15.649
            0.525000  0.475000  0.000000
  -26.240  -26.229  -17.882  -15.079  -13.401  -11.740   -9.955   -9.480   -8.942   -8.135
   -7.470   -6.327   -5.356   -4.541   -4.295    4.283    5.239    6.813    7.418    8.421
    9.427   10.691   11.003   11.396   11.737   11.925   11.955   12.797   14.183   15.632
            0.526667  0.473333  0.000000
  -26.242  -26.232  -17.901  -15.094  -13.398  -11.731   -9.959   -9.454   -8.928   -8.118
   -7.461   -6.326   -5.349   -4.537   -4.278    4.263    5.210    6.778    7.430    8.392
    9.417   10.667   10.978   11.396   11.745   11.934   11.955   12.771   14.159   15.614
            0.528333  0.471667  0.000000
  -26.245  -26.234  -17.919  -15.109  -13.394  -11.722   -9.964   -9.427   -8.913   -8.100
   -7.453   -6.325   -5.342   -4.533   -4.260    4.242    5.183    6.742    7.442    8.363
    9.408   10.643   10.953   11.395   11.752   11.944   11.956   12.746   14.135   15.597
            0.530000  0.470000  0.000000
  -26.248  -26.237  -17.937  -15.124  -13.390  -11.713   -9.969   -9.401   -8.899   -8.082
   -7.444   -6.324   -5.335   -4.529   -4.242    4.220    5.156    6.706    7.455    8.335
    9.399   10.619   10.929   11.392   11.758   11.955   11.959   12.721   14.111   15.579
            0.531667  0.468333  0.000000
  -26.250  -26.240  -17.955  -15.139  -13.386  -11.705   -9.974   -9.375   -8.885   -8.064
   -7.435   -6.323   -5.328   -4.525   -4.224    4.198    5.129    6.669    7.468    8.308
    9.390   10.595   10.904   11.388   11.764   11.961   11.970   12.696   14.088   15.561
            0.533333  0.466667  0.000000
  -26.253  -26.242  -17.973  -15.153  -13.382  -11.696   -9.980   -9.349   -8.870   -8.046
   -7.425   -6.323   -5.321   -4.521   -4.206    4.175    5.104    6.633    7.482    8.282
    9.381   10.570   10.880   11.381   11.770   11.965   11.985   12.671   14.065   15.544
            0.535000  0.465000  0.000000
  -26.256  -26.245  -17.990  -15.167  -13.378  -11.688   -9.986   -9.323   -8.856   -8.028
   -7.416   -6.322   -5.314   -4.517   -4.188    4.150    5.079    6.596    7.496    8.257
    9.371   10.546   10.856   11.373   11.775   11.968   12.001   12.646   14.041   15.526
            0.536667  0.463333  0.000000
  -26.258  -26.247  -18.008  -15.182  -13.373  -11.680   -9.991   -9.299   -8.841   -8.010
   -7.407   -6.321   -5.307   -4.514   -4.170    4.125    5.055    6.559    7.511    8.233
    9.362   10.522   10.832   11.364   11.782   11.972   12.018   12.622   14.019   15.508
            0.538333  0.461667  0.000000
  -26.261  -26.250  -18.025  -15.196  -13.369  -11.672   -9.997   -9.275   -8.825   -7.992
   -7.397   -6.320   -5.300   -4.510   -4.152    4.099    5.032    6.523    7.525    8.209
    9.353   10.498   10.808   11.353   11.788   11.977   12.035   12.598   13.996   15.490
            0.540000  0.460000  0.000000
  -26.264  -26.253  -18.042  -15.210  -13.364  -11.664  -10.003   -9.252   -8.810   -7.974
   -7.388   -6.319   -5.293   -4.506   -4.134    4.073    5.010    6.486    7.540    8.187
    9.343   10.474   10.785   11.340   11.795   11.981   12.053   12.575   13.974   15.472
            0.541667  0.458333  0.000000
  -26.266  -26.255  -18.060  -15.224  -13.359  -11.656  -10.010   -9.229   -8.793   -7.956
   -7.378   -6.318   -5.286   -4.503   -4.116    4.045    4.988    6.450    7.554    8.166
    9.334   10.450   10.761   11.327   11.803   11.985   12.072   12.551   13.951   15.454
            0.543333  0.456667  0.000000
  -26.269  -26.258  -18.076  -15.238  -13.355  -11.648  -10.016   -9.208   -8.776   -7.939
   -7.368   -6.316   -5.279   -4.499   -4.098    4.017    4.968    6.414    7.569    8.145
    9.325   10.426   10.738   11.313   11.810   11.989   12.091   12.528   13.929   15.436
            0.545000  0.455000  0.000000
  -26.272  -26.260  -18.093  -15.251  -13.350  -11.640  -10.022   -9.188   -8.758   -7.921
   -7.357   -6.315   -5.272   -4.496   -4.080    3.989    4.948    6.378    7.582    8.126
    9.315   10.402   10.715   11.298   11.818   11.994   12.110   12.505   13.908   15.419
            0.546667  0.453333  0.000000
  -26.274  -26.263  -18.110  -15.265  -13.345  -11.632  -10.028   -9.168   -8.740   -7.904
   -7.347   -6.314   -5.265   -4.492   -4.062    3.959    4.929    6.343    7.596    8.109
    9.305   10.379   10.693   11.282   11.827   11.998   12.129   12.482   13.886   15.401
            0.548333  0.451667  0.000000
  -26.277  -26.265  -18.126  -15.278  -13.339  -11.625  -10.034   -9.150   -8.721   -7.888
   -7.336   -6.313   -5.258   -4.489   -4.044    3.929    4.910    6.308    7.608    8.092
    9.296   10.356   10.670   11.266   11.835   12.002   12.148   12.460   13.865   15.383
            0.550000  0.450000  0.000000
  -26.279  -26.268  -18.142  -15.291  -13.334  -11.617  -10.041   -9.133   -8.701   -7.871
   -7.325   -6.312   -5.251   -4.485   -4.026    3.899    4.893    6.274    7.620    8.077
    9.286   10.332   10.648   11.249   11.843   12.006   12.167   12.438   13.844   15.365
            0.551667  0.448333  0.000000
  -26.282  -26.270  -18.159  -15.305  -13.329  -11.609  -10.047   -9.117   -8.681   -7.855
   -7.314   -6.310   -5.244   -4.482   -4.008    3.868    4.876    6.240    7.631    8.064
    9.276   10.309   10.626   11.232   11.852   12.009   12.186   12.417   13.823   15.348
            0.553333  0.446667  0.000000
  -26.285  -26.273  -18.175  -15.318  -13.323  -11.602  -10.053   -9.102   -8.660   -7.839
   -7.303   -6.309   -5.237   -4.478   -3.991    3.837    4.860    6.206    7.640    8.053
    9.267   10.287   10.604   11.215   11.861   12.013   12.205   12.396   13.802   15.330
            0.555000  0.445000  0.000000
  -26.287  -26.275  -18.190  -15.330  -13.317  -11.594  -10.059   -9.089   -8.638   -7.824
   -7.291   -6.308   -5.230   -4.475   -3.973    3.806    4.844    6.173    7.649    8.043
    9.257   10.264   10.583   11.197   11.869   12.017   12.223   12.375   13.782   15.313
            0.556667  0.443333  0.000000
  -26.290  -26.278  -18.206  -15.343  -13.312  -11.587  -10.065   -9.076   -8.616   -7.809
   -7.280   -6.307   -5.223   -4.471   -3.956    3.774    4.829    6.141    7.656    8.036
    9.247   10.242   10.562   11.180   11.877   12.020   12.240   12.356   13.761   15.295
            0.558333  0.441667  0.000000
  -26.292  -26.280  -18.221  -15.356  -13.306  -11.579  -10.071   -9.064   -8.593   -7.795
   -7.268   -6.305   -5.217   -4.467   -3.938    3.742    4.814    6.109    7.661    8.031
    9.237   10.220   10.541   11.162   11.886   12.024   12.256   12.338   13.741   15.278
            0.560000  0.440000  0.000000
  -26.295  -26.283  -18.237  -15.368  -13.299  -11.572  -10.077   -9.053   -8.569   -7.781
   -7.255   -6.304   -5.210   -4.464   -3.921    3.710    4.800    6.078    7.664    8.028
    9.227   10.198   10.520   11.144   11.894   12.027   12.267   12.326   13.722   15.261
            0.561667  0.438333  0.000000
  -26.297  -26.285  -18.252  -15.381  -13.293  -11.564  -10.083   -9.043   -8.546   -7.767
   -7.243   -6.303   -5.203   -4.460   -3.904    3.678    4.787    6.047    7.666    8.027
    9.217   10.176   10.499   11.126   11.902   12.030   12.267   12.324   13.702   15.244
            0.563333  0.436667  0.000000
  -26.300  -26.288  -18.267  -15.393  -13.287  -11.557  -10.089   -9.033   -8.522   -7.754
   -7.230   -6.301   -5.197   -4.456   -3.888    3.646    4.773    6.017    7.666    8.028
    9.206   10.155   10.479   11.109   11.909   12.033   12.256   12.333   13.683   15.227
            0.565000  0.435000  0.000000
  -26.302  -26.290  -18.282  -15.405  -13.280  -11.549  -10.095   -9.025   -8.497   -7.742
   -7.218   -6.300   -5.190   -4.452   -3.871    3.614    4.761    5.988    7.664    8.032
    9.196   10.133   10.459   11.091   11.917   12.036   12.240   12.347   13.664   15.210
            0.566667  0.433333  0.000000
  -26.305  -26.292  -18.296  -15.417  -13.274  -11.542  -10.101   -9.017   -8.473   -7.730
   -7.205   -6.298   -5.184   -4.449   -3.854    3.582    4.748    5.959    7.661    8.037
    9.186   10.112   10.439   11.073   11.924   12.039   12.223   12.363   13.645   15.193
            0.568333  0.431667  0.000000
  -26.307  -26.295  -18.311  -15.429  -13.267  -11.534  -10.107   -9.009   -8.448   -7.718
   -7.191   -6.297   -5.178   -4.445   -3.838    3.550    4.736    5.932    7.656    8.045
    9.175   10.091   10.420   11.055   11.931   12.042   12.205   12.379   13.626   15.177
            0.570000  0.430000  0.000000
  -26.309  -26.297  -18.325  -15.441  -13.260  -11.527  -10.112   -9.002   -8.424   -7.707
   -7.178   -6.296   -5.172   -4.441   -3.822    3.519    4.724    5.904    7.651    8.053
    9.164   10.071   10.400   11.038   11.937   12.044   12.188   12.395   13.608   15.160
            0.571667  0.428333  0.000000
  -26.312  -26.300  -18.339  -15.452  -13.253  -11.519  -10.118   -8.996   -8.399   -7.697
   -7.165   -6.294   -5.166   -4.437   -3.806    3.488    4.713    5.878    7.644    8.063
    9.154   10.050   10.381   11.020   11.943   12.046   12.171   12.411   13.590   15.144
            0.573333  0.426667  0.000000
  -26.314  -26.302  -18.353  -15.464  -13.246  -11.512  -10.124   -8.990   -8.375   -7.687
   -7.151   -6.293   -5.160   -4.433   -3.791    3.457    4.702    5.853    7.637    8.075
    9.143   10.030   10.362   11.003   11.948   12.048   12.155   12.427   13.572   15.128
            0.575000  0.425000  0.000000
  -26.317  -26.304  -18.367  -15.475  -13.239  -11.504  -10.129   -8.984   -8.350   -7.677
   -7.138   -6.291   -5.154   -4.429   -3.775    3.426    4.691    5.828    7.629    8.087
    9.132   10.010   10.344   10.986   11.953   12.049   12.140   12.442   13.555   15.112
            0.576667  0.423333  0.000000
  -26.319  -26.306  -18.381  -15.486  -13.231  -11.497  -10.134   -8.979   -8.326   -7.668
   -7.124   -6.290   -5.148   -4.426   -3.760    3.396    4.680    5.804    7.620    8.099
    9.121    9.990   10.326   10.968   11.957   12.049   12.126   12.457   13.537   15.096
            0.578333  0.421667  0.000000
  -26.321  -26.309  -18.395  -15.497  -13.224  -11.489  -10.140   -8.974   -8.302   -7.659
   -7.111   -6.288   -5.143   -4.422   -3.745    3.366    4.669    5.781    7.612    8.113
    9.110    9.971   10.307   10.951   11.960   12.048   12.114   12.472   13.520   15.080
            0.580000  0.420000  0.000000
  -26.324  -26.311  -18.408  -15.508  -13.216  -11.482  -10.145   -8.970   -8.278   -7.650
   -7.097   -6.287   -5.137   -4.418   -3.731    3.337    4.659    5.758    7.603    8.127
    9.099    9.952   10.290   10.935   11.962   12.046   12.104   12.486   13.504   15.064
            0.581667  0.418333  0.000000
  -26.326  -26.313  -18.421  -15.519  -13.208  -11.474  -10.150   -8.966   -8.255   -7.642
   -7.083   -6.285   -5.132   -4.414   -3.716    3.309    4.649    5.737    7.594    8.141
    9.088    9.933   10.272   10.918   11.962   12.042   12.098   12.500   13.487   15.049
            0.583333  0.416667  0.000000
  -26.328  -26.315  -18.434  -15.530  -13.200  -11.466  -10.155   -8.962   -8.232   -7.635
   -7.070   -6.284   -5.126   -4.410   -3.702    3.280    4.639    5.716    7.585    8.156
    9.076    9.914   10.255   10.901   11.960   12.038   12.094   12.513   13.471   15.034
            0.585000  0.415000  0.000000
  -26.330  -26.318  -18.447  -15.540  -13.192  -11.459  -10.160   -8.958   -8.209   -7.628
   -7.057   -6.282   -5.121   -4.406   -3.688    3.253    4.629    5.697    7.576    8.170
    9.065    9.895   10.238   10.885   11.956   12.034   12.092   12.526   13.455   15.018
            0.586667  0.413333  0.000000
  -26.333  -26.320  -18.460  -15.551  -13.184  -11.451  -10.165   -8.954   -8.186   -7.621
   -7.043   -6.281   -5.116   -4.402   -3.675    3.226    4.620    5.678    7.567    8.185
    9.054    9.877   10.221   10.869   11.948   12.030   12.092   12.538   13.439   15.003
            0.588333  0.411667  0.000000
  -26.335  -26.322  -18.472  -15.561  -13.175  -11.443  -10.169   -8.951   -8.164   -7.614
   -7.030   -6.279   -5.111   -4.398   -3.662    3.200    4.610    5.660    7.558    8.201
    9.042    9.859   10.204   10.853   11.939   12.028   12.092   12.550   13.424   14.989
            0.590000  0.410000  0.000000
  -26.337  -26.324  -18.485  -15.571  -13.167  -11.436  -10.174   -8.948   -8.142   -7.608
   -7.017   -6.277   -5.107   -4.394   -3.649    3.174    4.601    5.643    7.549    8.216
    9.030    9.841   10.188   10.837   11.928   12.027   12.093   12.561   13.409   14.974
            0.591667  0.408333  0.000000
  -26.339  -26.326  -18.497  -15.581  -13.158  -11.428  -10.178   -8.945   -8.121   -7.602
   -7.004   -6.276   -5.102   -4.390   -3.636    3.149    4.592    5.626    7.541    8.231
    9.019    9.823   10.172   10.822   11.916   12.027   12.094   12.572   13.394   14.959
            0.593333  0.406667  0.000000
  -26.341  -26.328  -18.509  -15.591  -13.149  -11.420  -10.183   -8.942   -8.100   -7.597
   -6.992   -6.274   -5.098   -4.386   -3.624    3.125    4.584    5.611    7.532    8.246
    9.007    9.806   10.156   10.806   11.902   12.028   12.096   12.582   13.379   14.945
            0.595000  0.405000  0.000000
  -26.343  -26.330  -18.521  -15.601  -13.141  -11.412  -10.187   -8.939   -8.080   -7.592
   -6.979   -6.272   -5.093   -4.383   -3.612    3.102    4.575    5.596    7.524    8.261
    8.995    9.788   10.140   10.791   11.889   12.028   12.097   12.592   13.365   14.931
            0.596667  0.403333  0.000000
  -26.345  -26.332  -18.533  -15.610  -13.132  -11.404  -10.191   -8.937   -8.060   -7.587
   -6.967   -6.270   -5.089   -4.379   -3.601    3.079    4.567    5.583    7.516    8.276
    8.983    9.771   10.125   10.776   11.875   12.029   12.099   12.601   13.351   14.917
            0.598333  0.401667  0.000000
  -26.348  -26.334  -18.544  -15.620  -13.122  -11.396  -10.195   -8.934   -8.041   -7.582
   -6.955   -6.268   -5.085   -4.375   -3.590    3.058    4.559    5.570    7.508    8.291
    8.971    9.755   10.110   10.761   11.861   12.029   12.101   12.609   13.337   14.903
            0.600000  0.400000  0.000000
  -26.350  -26.336  -18.556  -15.629  -13.113  -11.388  -10.199   -8.932   -8.022   -7.578
   -6.944   -6.266   -5.081   -4.372   -3.579    3.037    4.551    5.558    7.501    8.306
    8.959    9.738   10.095   10.747   11.846   12.030   12.102   12.617   13.324   14.890
            0.601667  0.398333  0.000000
  -26.352  -26.338  -18.567  -15.638  -13.104  -11.380  -10.203   -8.930   -8.004   -7.574
   -6.932   -6.264   -5.077   -4.368   -3.568    3.017    4.543    5.547    7.494    8.320
    8.947    9.722   10.080   10.732   11.832   12.030   12.104   12.624   13.311   14.876
            0.603333  0.396667  0.000000
  -26.354  -26.340  -18.578  -15.647  -13.094  -11.372  -10.207   -8.927   -7.986   -7.570
   -6.921   -6.262   -5.074   -4.364   -3.558    2.998    4.536    5.536    7.487    8.335
    8.935    9.706   10.066   10.718   11.818   12.030   12.105   12.631   13.298   14.863
            0.605000  0.395000  0.000000
  -26.355  -26.342  -18.589  -15.656  -13.084  -11.364  -10.211   -8.925   -7.969   -7.566
   -6.911   -6.260   -5.070   -4.361   -3.549    2.980    4.529    5.527    7.480    8.349
    8.923    9.690   10.052   10.704   11.804   12.030   12.106   12.636   13.285   14.850
            0.606667  0.393333  0.000000
  -26.357  -26.344  -18.599  -15.665  -13.074  -11.356  -10.214   -8.923   -7.953   -7.563
   -6.901   -6.258   -5.067   -4.358   -3.540    2.962    4.522    5.518    7.474    8.362
    8.911    9.675   10.038   10.690   11.790   12.029   12.107   12.642   13.272   14.837
            0.608333  0.391667  0.000000
  -26.359  -26.346  -18.610  -15.673  -13.064  -11.348  -10.217   -8.921   -7.937   -7.560
   -6.891   -6.256   -5.063   -4.354   -3.531    2.946    4.516    5.510    7.468    8.376
    8.899    9.659   10.024   10.677   11.776   12.028   12.108   12.646   13.260   14.824
            0.610000  0.390000  0.000000
  -26.361  -26.347  -18.620  -15.682  -13.054  -11.340  -10.221   -8.920   -7.922   -7.557
   -6.881   -6.253   -5.060   -4.351   -3.522    2.931    4.510    5.503    7.462    8.389
    8.887    9.645   10.011   10.663   11.763   12.027   12.109   12.651   13.248   14.812
            0.611667  0.388333  0.000000
  -26.363  -26.349  -18.631  -15.690  -13.044  -11.332  -10.224   -8.918   -7.908   -7.554
   -6.872   -6.251   -5.057   -4.348   -3.515    2.916    4.504    5.497    7.456    8.401
    8.876    9.630    9.998   10.650   11.749   12.026   12.110   12.654   13.237   14.799
            0.613333  0.386667  0.000000
  -26.365  -26.351  -18.641  -15.698  -13.034  -11.324  -10.227   -8.916   -7.894   -7.551
   -6.864   -6.248   -5.054   -4.345   -3.507    2.903    4.499    5.492    7.451    8.414
    8.864    9.615    9.985   10.638   11.736   12.024   12.111   12.657   13.225   14.787
            0.615000  0.385000  0.000000
  -26.367  -26.353  -18.651  -15.706  -13.023  -11.315  -10.230   -8.914   -7.881   -7.549
   -6.856   -6.245   -5.051   -4.343   -3.500    2.890    4.494    5.487    7.446    8.425
    8.853    9.601    9.972   10.625   11.723   12.022   12.111   12.659   13.214   14.775
            0.616667  0.383333  0.000000
  -26.368  -26.354  -18.660  -15.714  -13.013  -11.307  -10.233   -8.913   -7.869   -7.546
   -6.848   -6.243   -5.049   -4.340   -3.493    2.879    4.489    5.483    7.441    8.436
    8.842    9.587    9.960   10.613   11.710   12.019   12.112   12.660   13.203   14.763
            0.618333  0.381667  0.000000
  -26.370  -26.356  -18.670  -15.722  -13.002  -11.299  -10.235   -8.911   -7.857   -7.544
   -6.841   -6.240   -5.046   -4.337   -3.487    2.869    4.485    5.480    7.437    8.446
    8.832    9.573    9.948   10.600   11.697   12.017   12.112   12.661   13.192   14.752
            0.620000  0.380000  0.000000
  -26.372  -26.358  -18.679  -15.730  -12.991  -11.291  -10.238   -8.910   -7.846   -7.542
   -6.834   -6.236   -5.044   -4.335   -3.482    2.859    4.481    5.477    7.433    8.456
    8.822    9.560    9.936   10.588   11.685   12.013   12.112   12.662   13.182   14.740
            0.621667  0.378333  0.000000
  -26.373  -26.359  -18.688  -15.737  -12.980  -11.282  -10.240   -8.908   -7.837   -7.540
   -6.828   -6.233   -5.041   -4.333   -3.476    2.851    4.478    5.475    7.429    8.464
    8.813    9.547    9.924   10.577   11.672   12.010   12.112   12.661   13.171   14.729
            0.623333  0.376667  0.000000
  -26.375  -26.361  -18.697  -15.745  -12.969  -11.274  -10.242   -8.907   -7.828   -7.538
   -6.823   -6.230   -5.039   -4.330   -3.472    2.844    4.475    5.474    7.426    8.471
    8.804    9.534    9.913   10.565   11.660   12.006   12.112   12.660   13.161   14.718
            0.625000  0.375000  0.000000
  -26.377  -26.362  -18.706  -15.752  -12.958  -11.265  -10.245   -8.905   -7.819   -7.536
   -6.818   -6.226   -5.037   -4.328   -3.467    2.838    4.473    5.473    7.423    8.477
    8.796    9.521    9.902   10.554   11.648   12.001   12.112   12.659   13.151   14.707
            0.626667  0.373333  0.000000
  -26.378  -26.364  -18.715  -15.759  -12.946  -11.257  -10.246   -8.904   -7.812   -7.533
   -6.813   -6.223   -5.035   -4.327   -3.463    2.833    4.471    5.474    7.420    8.482
    8.790    9.509    9.891   10.543   11.637   11.996   12.111   12.657   13.141   14.696
            0.628333  0.371667  0.000000
  -26.380  -26.365  -18.723  -15.766  -12.935  -11.249  -10.248   -8.903   -7.806   -7.531
   -6.809   -6.219   -5.033   -4.325   -3.460    2.829    4.470    5.475    7.417    8.486
    8.784    9.497    9.880   10.532   11.625   11.991   12.111   12.654   13.131   14.686
            0.630000  0.370000  0.000000
  -26.381  -26.367  -18.732  -15.773  -12.923  -11.240  -10.250   -8.901   -7.800   -7.529
   -6.806   -6.215   -5.032   -4.323   -3.457    2.826    4.469    5.476    7.415    8.487
    8.780    9.485    9.870   10.522   11.614   11.985   12.110   12.651   13.121   14.675
            0.631667  0.368333  0.000000
  -26.383  -26.368  -18.740  -15.779  -12.911  -11.232  -10.252   -8.900   -7.796   -7.527
   -6.803   -6.211   -5.030   -4.322   -3.455    2.824    4.469    5.478    7.413    8.487
    8.777    9.474    9.860   10.512   11.603   11.979   12.109   12.647   13.112   14.665
            0.633333  0.366667  0.000000
  -26.384  -26.370  -18.748  -15.786  -12.900  -11.223  -10.253   -8.899   -7.792   -7.525
   -6.800   -6.206   -5.028   -4.321   -3.453    2.823    4.469    5.481    7.412    8.486
    8.775    9.462    9.850   10.502   11.592   11.972   12.108   12.643   13.102   14.655
            0.635000  0.365000  0.000000
  -26.386  -26.371  -18.756  -15.792  -12.888  -11.215  -10.254   -8.898   -7.790   -7.523
   -6.798   -6.202   -5.027   -4.320   -3.451    2.824    4.470    5.485    7.411    8.482
    8.775    9.451    9.840   10.492   11.582   11.965   12.107   12.638   13.093   14.646
            0.636667  0.363333  0.000000
  -26.387  -26.372  -18.764  -15.798  -12.875  -11.206  -10.255   -8.896   -7.788   -7.520
   -6.797   -6.197   -5.026   -4.319   -3.451    2.825    4.471    5.489    7.410    8.477
    8.776    9.441    9.831   10.482   11.571   11.957   12.106   12.632   13.083   14.636
            0.638333  0.361667  0.000000
  -26.388  -26.374  -18.771  -15.804  -12.863  -11.198  -10.256   -8.895   -7.788   -7.518
   -6.796   -6.192   -5.024   -4.318   -3.450    2.827    4.473    5.494    7.409    8.470
    8.779    9.430    9.822   10.473   11.561   11.949   12.104   12.626   13.074   14.627
            0.640000  0.360000  0.000000
  -26.390  -26.375  -18.778  -15.810  -12.851  -11.189  -10.257   -8.894   -7.788   -7.515
   -6.795   -6.188   -5.023   -4.318   -3.450    2.831    4.475    5.499    7.409    8.462
    8.782    9.420    9.813   10.464   11.551   11.940   12.103   12.620   13.064   14.618
            0.641667  0.358333  0.000000
  -26.391  -26.376  -18.786  -15.816  -12.839  -11.181  -10.258   -8.893   -7.790   -7.513
   -6.795   -6.183   -5.022   -4.317   -3.451    2.835    4.478    5.505    7.409    8.453
    8.787    9.411    9.805   10.455   11.541   11.931   12.101   12.613   13.055   14.609
            0.643333  0.356667  0.000000
  -26.392  -26.377  -18.793  -15.822  -12.826  -11.172  -10.258   -8.892   -7.792   -7.510
   -6.796   -6.177   -5.021   -4.317   -3.452    2.841    4.481    5.512    7.410    8.442
    8.792    9.401    9.797   10.447   11.532   11.921   12.099   12.605   13.046   14.600
            0.645000  0.355000  0.000000
  -26.393  -26.378  -18.799  -15.827  -12.813  -11.164  -10.259   -8.891   -7.795   -7.507
   -6.797   -6.172   -5.020   -4.317   -3.453    2.848    4.485    5.519    7.410    8.431
    8.798    9.392    9.789   10.438   11.522   11.911   12.096   12.597   13.036   14.591
            0.646667  0.353333  0.000000
  -26.394  -26.379  -18.806  -15.833  -12.801  -11.155  -10.259   -8.890   -7.799   -7.505
   -6.798   -6.167   -5.020   -4.317   -3.455    2.855    4.489    5.527    7.411    8.419
    8.804    9.383    9.781   10.430   11.513   11.900   12.094   12.589   13.027   14.583
            0.648333  0.351667  0.000000
  -26.396  -26.381  -18.812  -15.838  -12.788  -11.147  -10.259   -8.889   -7.804   -7.502
   -6.800   -6.161   -5.019   -4.318   -3.457    2.864    4.494    5.536    7.413    8.405
    8.811    9.375    9.774   10.423   11.504   11.889   12.091   12.580   13.018   14.575
            0.650000  0.350000  0.000000
  -26.397  -26.382  -18.819  -15.843  -12.775  -11.138  -10.259   -8.888   -7.810   -7.500
   -6.802   -6.156   -5.018   -4.318   -3.460    2.874    4.499    5.545    7.414    8.391
    8.818    9.367    9.767   10.415   11.495   11.877   12.088   12.570   13.008   14.567
            0.651667  0.348333  0.000000
  -26.398  -26.383  -18.825  -15.848  -12.762  -11.130  -10.259   -8.887   -7.817   -7.498
   -6.805   -6.150   -5.018   -4.319   -3.464    2.884    4.504    5.555    7.416    8.377
    8.826    9.359    9.760   10.408   11.487   11.865   12.085   12.560   12.999   14.559
            0.653333  0.346667  0.000000
  -26.399  -26.384  -18.831  -15.853  -12.749  -11.121  -10.258   -8.886   -7.824   -7.496
   -6.808   -6.144   -5.017   -4.319   -3.468    2.896    4.511    5.566    7.419    8.362
    8.833    9.351    9.753   10.401   11.479   11.852   12.082   12.550   12.990   14.551
            0.655000  0.345000  0.000000
  -26.400  -26.385  -18.837  -15.858  -12.735  -11.113  -10.258   -8.885   -7.833   -7.494
   -6.811   -6.139   -5.017   -4.320   -3.472    2.909    4.517    5.577    7.422    8.347
    8.841    9.344    9.747   10.394   11.471   11.838   12.078   12.538   12.981   14.544
            0.656667  0.343333  0.000000
  -26.401  -26.386  -18.842  -15.862  -12.722  -11.105  -10.257   -8.884   -7.842   -7.492
   -6.815   -6.133   -5.017   -4.321   -3.477    2.922    4.524    5.589    7.424    8.331
    8.849    9.337    9.741   10.387   11.463   11.825   12.074   12.527   12.972   14.537
            0.658333  0.341667  0.000000
  -26.402  -26.386  -18.848  -15.866  -12.709  -11.096  -10.256   -8.883   -7.852   -7.490
   -6.819   -6.127   -5.017   -4.322   -3.482    2.937    4.531    5.601    7.428    8.315
    8.856    9.331    9.736   10.381   11.455   11.810   12.070   12.515   12.963   14.530
            0.660000  0.340000  0.000000
  -26.403  -26.387  -18.853  -15.871  -12.695  -11.088  -10.255   -8.883   -7.862   -7.489
   -6.823   -6.121   -5.016   -4.323   -3.487    2.952    4.539    5.615    7.431    8.299
    8.864    9.325    9.730   10.375   11.448   11.795   12.066   12.502   12.954   14.523
            0.661667  0.338333  0.000000
  -26.403  -26.388  -18.858  -15.875  -12.681  -11.080  -10.254   -8.882   -7.873   -7.488
   -6.828   -6.115   -5.016   -4.325   -3.493    2.969    4.547    5.628    7.435    8.283
    8.872    9.319    9.725   10.369   11.440   11.780   12.061   12.488   12.945   14.517
            0.663333  0.336667  0.000000
  -26.404  -26.389  -18.863  -15.879  -12.668  -11.072  -10.252   -8.881   -7.885   -7.487
   -6.833   -6.109   -5.016   -4.326   -3.500    2.986    4.556    5.643    7.439    8.266
    8.879    9.314    9.720   10.364   11.433   11.764   12.056   12.474   12.937   14.510
            0.665000  0.335000  0.000000
  -26.405  -26.390  -18.868  -15.883  -12.654  -11.063  -10.251   -8.880   -7.898   -7.487
   -6.838   -6.103   -5.017   -4.328   -3.507    3.004    4.564    5.658    7.444    8.249
    8.887    9.309    9.716   10.358   11.426   11.747   12.051   12.460   12.929   14.504
            0.666667  0.333333  0.000000
  -26.406  -26.390  -18.872  -15.886  -12.640  -11.055  -10.249   -8.880   -7.911   -7.487
   -6.843   -6.098   -5.017   -4.330   -3.514    3.023    4.574    5.674    7.449    8.232
    8.894    9.304    9.712   10.353   11.420   11.730   12.045   12.445   12.920   14.499
            0.660000  0.330000  0.000000
  -26.388  -26.374  -18.779  -15.810  -12.786  -11.151  -10.242   -8.895   -7.939   -7.516
   -6.871   -6.152   -5.036   -4.342   -3.531    3.017    4.567    5.630    7.460    8.265
    8.922    9.428    9.818   10.466   11.546   11.830   12.065   12.504   13.039   14.616
            0.653333  0.326667  0.000000
  -26.371  -26.357  -18.684  -15.732  -12.931  -11.253  -10.228   -8.910   -7.967   -7.543
   -6.898   -6.205   -5.055   -4.354   -3.547    3.013    4.557    5.589    7.473    8.295
    8.937    9.558    9.933   10.583   11.674   11.925   12.084   12.561   13.161   14.733
            0.646667  0.323333  0.000000
  -26.355  -26.341  -18.587  -15.654  -13.076  -11.359  -10.208   -8.926   -7.993   -7.568
   -6.924   -6.255   -5.073   -4.365   -3.562    3.010    4.543    5.549    7.488    8.322
    8.942    9.693   10.054   10.706   11.805   12.015   12.101   12.617   13.285   14.851
            0.640000  0.320000  0.000000
  -26.339  -26.326  -18.490  -15.576  -13.219  -11.469  -10.185   -8.942   -8.018   -7.592
   -6.948   -6.304   -5.090   -4.375   -3.576    3.008    4.525    5.512    7.505    8.346
    8.940    9.832   10.181   10.832   11.937   12.100   12.119   12.672   13.411   14.969
            0.633333  0.316667  0.000000
  -26.324  -26.311  -18.391  -15.499  -13.360  -11.580  -10.160   -8.959   -8.041   -7.614
   -6.971   -6.350   -5.107   -4.386   -3.590    3.007    4.503    5.479    7.524    8.367
    8.932    9.975   10.313   10.962   12.065   12.137   12.184   12.726   13.539   15.086
            0.626667  0.313333  0.000000
  -26.309  -26.297  -18.292  -15.421  -13.499  -11.693  -10.132   -8.977   -8.064   -7.634
   -6.993   -6.394   -5.122   -4.395   -3.603    3.007    4.477    5.449    7.545    8.384
    8.921   10.121   10.449   11.095   12.135   12.209   12.267   12.778   13.669   15.199
            0.620000  0.310000  0.000000
  -26.296  -26.284  -18.192  -15.345  -13.634  -11.806  -10.104   -8.995   -8.085   -7.652
   -7.014   -6.436   -5.137   -4.404   -3.615    3.009    4.448    5.422    7.567    8.398
    8.908   10.270   10.589   11.231   12.152   12.304   12.377   12.828   13.801   15.304
            0.613333  0.306667  0.000000
  -26.283  -26.271  -18.091  -15.271  -13.764  -11.920  -10.075   -9.013   -8.105   -7.669
   -7.033   -6.476   -5.152   -4.412   -3.626    3.012    4.416    5.399    7.591    8.407
    8.894   10.422   10.732   11.369   12.165   12.374   12.512   12.877   13.934   15.391
            0.606667  0.303333  0.000000
  -26.270  -26.260  -17.990  -15.201  -13.887  -12.033  -10.045   -9.032   -8.123   -7.684
   -7.051   -6.513   -5.165   -4.420   -3.636    3.016    4.382    5.379    7.617    8.411
    8.880   10.576   10.879   11.507   12.178   12.433   12.654   12.924   14.068   15.430
            0.600000  0.300000  0.000000
  -26.259  -26.248  -17.889  -15.137  -14.002  -12.146  -10.016   -9.051   -8.140   -7.697
   -7.067   -6.547   -5.177   -4.428   -3.646    3.021    4.346    5.362    7.644    8.411
    8.867   10.733   11.029   11.645   12.193   12.487   12.800   12.970   14.202   15.372
            0.593333  0.296667  0.000000
  -26.248  -26.238  -17.788  -15.082  -14.103  -12.258   -9.987   -9.070   -8.156   -7.709
   -7.082   -6.579   -5.189   -4.434   -3.654    3.026    4.309    5.348    7.672    8.405
    8.855   10.892   11.181   11.780   12.213   12.536   12.945   13.015   14.334   15.228
            0.586667  0.293333  0.000000
  -26.238  -26.228  -17.688  -15.043  -14.186  -12.369   -9.959   -9.089   -8.170   -7.720
   -7.096   -6.609   -5.200   -4.441   -3.662    3.033    4.272    5.336    7.701    8.394
    8.846   11.052   11.335   11.905   12.242   12.581   13.045   13.105   14.458   15.049
            0.580000  0.290000  0.000000
  -26.229  -26.220  -17.588  -15.025  -14.243  -12.479   -9.931   -9.108   -8.183   -7.730
   -7.108   -6.636   -5.210   -4.446   -3.669    3.040    4.235    5.325    7.732    8.379
    8.840   11.214   11.492   12.010   12.291   12.623   13.087   13.252   14.555   14.862
            0.573333  0.286667  0.000000
  -26.221  -26.212  -17.491  -15.034  -14.269  -12.586   -9.905   -9.126   -8.195   -7.738
   -7.118   -6.661   -5.218   -4.451   -3.675    3.047    4.199    5.317    7.763    8.359
    8.835   11.376   11.650   12.084   12.371   12.666   13.123   13.403   14.563   14.683
            0.566667  0.283333  0.000000
  -26.213  -26.205  -17.397  -15.069  -14.264  -12.690   -9.880   -9.144   -8.205   -7.745
   -7.128   -6.683   -5.226   -4.456   -3.681    3.054    4.165    5.310    7.796    8.335
    8.832   11.537   11.809   12.131   12.471   12.715   13.156   13.552   14.432   14.524
            0.560000  0.280000  0.000000
  -26.207  -26.198  -17.307  -15.124  -14.234  -12.791   -9.858   -9.160   -8.213   -7.751
   -7.136   -6.702   -5.233   -4.459   -3.685    3.060    4.134    5.303    7.829    8.308
    8.831   11.692   11.966   12.172   12.566   12.781   13.188   13.692   14.254   14.363
            0.553333  0.276667  0.000000
  -26.201  -26.193  -17.222  -15.189  -14.188  -12.888   -9.837   -9.175   -8.220   -7.756
   -7.142   -6.719   -5.239   -4.463   -3.689    3.066    4.105    5.298    7.862    8.279
    8.831   11.835   12.111   12.233   12.634   12.873   13.221   13.801   14.082   14.214
            0.546667  0.273333  0.000000
  -26.197  -26.189  -17.145  -15.256  -14.134  -12.978   -9.819   -9.189   -8.225   -7.760
   -7.147   -6.732   -5.244   -4.465   -3.691    3.071    4.081    5.293    7.896    8.248
    8.831   11.946   12.228   12.349   12.678   12.979   13.260   13.782   13.941   14.155
            0.540000  0.270000  0.000000
  -26.193  -26.185  -17.078  -15.318  -14.078  -13.060   -9.804   -9.200   -8.229   -7.763
   -7.150   -6.744   -5.248   -4.467   -3.693    3.075    4.060    5.289    7.929    8.217
    8.832   12.012   12.350   12.500   12.708   13.071   13.311   13.638   13.799   14.209
            0.533333  0.266667  0.000000
  -26.191  -26.182  -17.025  -15.370  -14.027  -13.128   -9.793   -9.209   -8.231   -7.766
   -7.153   -6.752   -5.250   -4.469   -3.695    3.077    4.044    5.285    7.960    8.187
    8.834   12.044   12.487   12.658   12.736   13.130   13.343   13.490   13.682   14.201
            0.526667  0.263333  0.000000
  -26.189  -26.181  -16.988  -15.407  -13.988  -13.179   -9.785   -9.215   -8.232   -7.767
   -7.153   -6.758   -5.252   -4.470   -3.695    3.078    4.033    5.282    7.986    8.161
    8.835   12.058   12.609   12.778   12.809   13.154   13.258   13.377   13.691   14.088
            0.520000  0.260000  0.000000
  -26.188  -26.180  -16.970  -15.426  -13.967  -13.205   -9.781   -9.218   -8.231   -7.768
   -7.152   -6.761   -5.252   -4.470   -3.694    3.076    4.028    5.279    8.002    8.146
    8.836   12.063   12.667   12.855   12.916   13.105   13.214   13.264   13.793   13.956
            0.513333  0.256667  0.000000
  -26.188  -26.180  -16.972  -15.424  -13.970  -13.202   -9.782   -9.218   -8.228   -7.768
   -7.150   -6.762   -5.252   -4.469   -3.693    3.072    4.028    5.276    7.999    8.149
    8.836   12.061   12.664   12.841   12.901   13.118   13.209   13.283   13.772   13.978
            0.506667  0.253333  0.000000
  -26.189  -26.181  -16.995  -15.402  -13.996  -13.171   -9.787   -9.214   -8.224   -7.767
   -7.147   -6.759   -5.250   -4.468   -3.690    3.066    4.033    5.274    7.980    8.169
    8.836   12.053   12.591   12.770   12.781   13.148   13.278   13.398   13.676   14.112
            0.500000  0.250000  0.000000
  -26.191  -26.183  -17.037  -15.363  -14.039  -13.117   -9.796   -9.207   -8.218   -7.765
   -7.142   -6.754   -5.247   -4.467   -3.687    3.058    4.043    5.272    7.951    8.197
    8.836   12.034   12.459   12.624   12.744   13.114   13.341   13.513   13.695   14.210
            0.493333  0.246667  0.000000
  -26.194  -26.186  -17.094  -15.309  -14.092  -13.046   -9.808   -9.198   -8.211   -7.763
   -7.135   -6.746   -5.243   -4.465   -3.683    3.049    4.058    5.271    7.919    8.230
    8.835   11.995   12.320   12.465   12.723   13.046   13.296   13.665   13.822   14.192
            0.486667  0.243333  0.000000
  -26.198  -26.190  -17.164  -15.247  -14.149  -12.964   -9.824   -9.186   -8.202   -7.759
   -7.127   -6.735   -5.238   -4.462   -3.679    3.038    4.078    5.270    7.885    8.263
    8.833   11.920   12.199   12.316   12.696   12.948   13.247   13.795   13.961   14.147
            0.480000  0.240000  0.000000
  -26.203  -26.195  -17.243  -15.181  -14.203  -12.872   -9.843   -9.171   -8.192   -7.755
   -7.118   -6.722   -5.232   -4.458   -3.673    3.026    4.101    5.270    7.850    8.297
    8.832   11.800   12.075   12.210   12.649   12.846   13.210   13.778   14.106   14.233
            0.473333  0.236667  0.000000
  -26.209  -26.201  -17.330  -15.118  -14.247  -12.775   -9.865   -9.156   -8.180   -7.749
   -7.108   -6.706   -5.225   -4.454   -3.666    3.013    4.128    5.270    7.815    8.331
    8.829   11.653   11.926   12.153   12.567   12.770   13.178   13.657   14.280   14.386
            0.466667  0.233333  0.000000
  -26.216  -26.207  -17.422  -15.067  -14.273  -12.674   -9.888   -9.139   -8.166   -7.743
   -7.096   -6.687   -5.217   -4.449   -3.659    3.000    4.157    5.272    7.781    8.363
    8.827   11.495   11.767   12.111   12.459   12.721   13.148   13.512   14.455   14.545
            0.460000  0.230000  0.000000
  -26.224  -26.215  -17.518  -15.037  -14.273  -12.569   -9.914   -9.121   -8.151   -7.735
   -7.083   -6.666   -5.209   -4.444   -3.651    2.987    4.189    5.275    7.747    8.394
    8.825   11.332   11.607   12.060   12.355   12.682   13.117   13.361   14.563   14.705
            0.453333  0.226667  0.000000
  -26.232  -26.223  -17.617  -15.035  -14.242  -12.462   -9.941   -9.102   -8.134   -7.727
   -7.069   -6.642   -5.199   -4.438   -3.642    2.973    4.222    5.279    7.714    8.422
    8.823   11.169   11.448   11.980   12.277   12.644   13.084   13.209   14.529   14.887
            0.446667  0.223333  0.000000
  -26.242  -26.232  -17.717  -15.058  -14.180  -12.353   -9.969   -9.083   -8.116   -7.717
   -7.053   -6.615   -5.188   -4.432   -3.632    2.961    4.256    5.285    7.682    8.447
    8.821   11.006   11.290   11.869   12.231   12.604   13.039   13.070   14.422   15.072
            0.440000  0.220000  0.000000
  -26.252  -26.242  -17.819  -15.102  -14.094  -12.242   -9.998   -9.063   -8.097   -7.705
   -7.037   -6.585   -5.176   -4.424   -3.621    2.949    4.290    5.294    7.650    8.467
    8.821   10.844   11.135   11.740   12.204   12.560   12.902   13.021   14.295   15.246
            0.433333  0.216667  0.000000
  -26.263  -26.253  -17.921  -15.159  -13.990  -12.130  -10.028   -9.044   -8.076   -7.692
   -7.019   -6.553   -5.164   -4.417   -3.609    2.938    4.324    5.305    7.620    8.483
    8.823   10.685   10.982   11.603   12.187   12.512   12.753   12.983   14.162   15.378
            0.426667  0.213333  0.000000
  -26.275  -26.264  -18.023  -15.226  -13.874  -12.017  -10.058   -9.024   -8.053   -7.678
   -6.999   -6.519   -5.150   -4.408   -3.597    2.927    4.356    5.319    7.591    8.493
    8.827   10.527   10.832   11.464   12.175   12.458   12.606   12.945   14.027   15.415
            0.420000  0.210000  0.000000
  -26.288  -26.277  -18.125  -15.298  -13.750  -11.904  -10.088   -9.006   -8.029   -7.662
   -6.979   -6.481   -5.136   -4.399   -3.584    2.918    4.386    5.336    7.564    8.497
    8.832   10.372   10.684   11.324   12.164   12.397   12.464   12.905   13.892   15.362
            0.413333  0.206667  0.000000
  -26.301  -26.290  -18.227  -15.373  -13.619  -11.790  -10.118   -8.987   -8.004   -7.644
   -6.958   -6.442   -5.122   -4.390   -3.569    2.910    4.414    5.357    7.538    8.495
    8.838   10.219   10.540   11.186   12.154   12.304   12.351   12.863   13.759   15.269
            0.406667  0.203333  0.000000
  -26.316  -26.303  -18.328  -15.450  -13.484  -11.677  -10.147   -8.969   -7.977   -7.625
   -6.936   -6.400   -5.106   -4.380   -3.554    2.903    4.438    5.382    7.513    8.487
    8.845   10.069   10.400   11.049   12.136   12.177   12.277   12.819   13.627   15.160
            0.400000  0.200000  0.000000
  -26.330  -26.318  -18.428  -15.528  -13.345  -11.564  -10.175   -8.951   -7.949   -7.604
   -6.912   -6.355   -5.090   -4.369   -3.539    2.898    4.459    5.410    7.490    8.474
    8.851    9.922   10.263   10.915   12.026   12.139   12.204   12.773   13.497   15.044
            0.393333  0.196667  0.000000
  -26.346  -26.333  -18.527  -15.607  -13.204  -11.453  -10.201   -8.935   -7.919   -7.581
   -6.888   -6.308   -5.073   -4.358   -3.522    2.893    4.477    5.442    7.469    8.455
    8.855    9.778   10.131   10.785   11.891   12.122   12.131   12.724   13.370   14.926
            0.386667  0.193333  0.000000
  -26.362  -26.348  -18.625  -15.686  -13.061  -11.343  -10.224   -8.918   -7.889   -7.556
   -6.862   -6.259   -5.056   -4.346   -3.504    2.890    4.490    5.477    7.450    8.432
    8.854    9.637   10.004   10.658   11.757   12.044   12.115   12.673   13.246   14.806
            0.380000  0.190000  0.000000
  -26.379  -26.365  -18.722  -15.765  -12.916  -11.237  -10.244   -8.903   -7.856   -7.529
   -6.836   -6.207   -5.038   -4.333   -3.486    2.889    4.500    5.515    7.433    8.406
    8.846    9.501    9.882   10.535   11.625   11.958   12.101   12.619   13.125   14.686
            0.373333  0.186667  0.000000
  -26.396  -26.381  -18.818  -15.843  -12.771  -11.136  -10.258   -8.888   -7.823   -7.500
   -6.809   -6.153   -5.019   -4.320   -3.467    2.888    4.506    5.555    7.419    8.375
    8.830    9.369    9.767   10.417   11.496   11.869   12.085   12.562   13.007   14.567
            0.366667  0.183333  0.000000
  -26.414  -26.399  -18.913  -15.920  -12.625  -11.042  -10.263   -8.874   -7.788   -7.469
   -6.781   -6.097   -5.000   -4.306   -3.447    2.889    4.509    5.597    7.406    8.341
    8.803    9.242    9.660   10.304   11.368   11.775   12.068   12.502   12.893   14.449
            0.360000  0.180000  0.000000
  -26.433  -26.417  -19.006  -15.996  -12.480  -10.957  -10.258   -8.860   -7.752   -7.436
   -6.752   -6.039   -4.981   -4.292   -3.426    2.892    4.508    5.640    7.395    8.303
    8.761    9.121    9.561   10.197   11.244   11.678   12.048   12.438   12.783   14.332
            0.353333  0.176667  0.000000
  -26.452  -26.435  -19.098  -16.072  -12.336  -10.885  -10.238   -8.846   -7.714   -7.402
   -6.722   -5.979   -4.960   -4.277   -3.404    2.895    4.505    5.682    7.387    8.263
    8.703    9.007    9.471   10.098   11.122   11.577   12.025   12.370   12.678   14.216
            0.346667  0.173333  0.000000
  -26.471  -26.453  -19.188  -16.147  -12.194  -10.827  -10.202   -8.832   -7.675   -7.365
   -6.692   -5.917   -4.939   -4.262   -3.382    2.900    4.499    5.725    7.380    8.219
    8.629    8.900    9.390   10.006   11.003   11.473   12.000   12.297   12.580   14.102
            0.340000  0.170000  0.000000
  -26.491  -26.472  -19.277  -16.220  -12.055  -10.784  -10.147   -8.819   -7.635   -7.327
   -6.660   -5.853   -4.918   -4.246   -3.358    2.905    4.490    5.765    7.375    8.173
    8.542    8.797    9.314    9.923   10.887   11.367   11.973   12.219   12.488   13.989
            0.333333  0.166667  0.000000
  -26.511  -26.492  -19.364  -16.293  -11.922  -10.751  -10.078   -8.804   -7.594   -7.288
   -6.629   -5.787   -4.896   -4.229   -3.334    2.912    4.480    5.804    7.371    8.123
    8.447    8.697    9.243    9.850   10.774   11.257   11.943   12.136   12.404   13.879
            0.326667  0.163333  0.000000
  -26.532  -26.512  -19.450  -16.364  -11.797  -10.722   -9.997   -8.789   -7.551   -7.247
   -6.596   -5.720   -4.873   -4.212   -3.309    2.920    4.468    5.840    7.368    8.071
    8.346    8.598    9.174    9.785   10.665   11.145   11.910   12.047   12.328   13.770
            0.320000  0.160000  0.000000
  -26.552  -26.531  -19.534  -16.434  -11.683  -10.692   -9.910   -8.772   -7.508   -7.204
   -6.563   -5.650   -4.849   -4.195   -3.283    2.928    4.454    5.874    7.363    8.017
    8.244    8.499    9.105    9.730   10.558   11.030   11.875   11.954   12.257   13.663
            0.313333  0.156667  0.000000
  -26.573  -26.552  -19.617  -16.503  -11.584  -10.653   -9.818   -8.753   -7.463   -7.160
   -6.530   -5.580   -4.825   -4.177   -3.257    2.937    4.439    5.904    7.355    7.959
    8.144    8.401    9.036    9.681   10.456   10.913   11.833   11.865   12.193   13.558
            0.306667  0.153333  0.000000
  -26.595  -26.572  -19.698  -16.571  -11.504  -10.600   -9.726   -8.731   -7.417   -7.115
   -6.496   -5.508   -4.799   -4.158   -3.229    2.947    4.423    5.931    7.344    7.898
    8.047    8.304    8.967    9.638   10.357   10.794   11.750   11.813   12.132   13.456
            0.300000  0.150000  0.000000
  -26.616  -26.593  -19.778  -16.637  -11.444  -10.530   -9.634   -8.705   -7.371   -7.069
   -6.462   -5.435   -4.772   -4.139   -3.201    2.957    4.405    5.954    7.327    7.832
    7.955    8.209    8.899    9.598   10.263   10.673   11.650   11.778   12.074   13.355
            0.293333  0.146667  0.000000
  -26.637  -26.613  -19.855  -16.702  -11.406  -10.442   -9.546   -8.673   -7.323   -7.021
   -6.428   -5.362   -4.744   -4.119   -3.172    2.967    4.388    5.974    7.302    7.760
    7.872    8.116    8.833    9.561   10.175   10.551   11.548   11.745   12.018   13.257
            0.286667  0.143333  0.000000
  -26.659  -26.634  -19.932  -16.766  -11.385  -10.339   -9.462   -8.635   -7.274   -6.973
   -6.393   -5.287   -4.714   -4.098   -3.143    2.978    4.369    5.990    7.268    7.682
    7.796    8.026    8.768    9.524   10.093   10.428   11.445   11.716   11.964   13.161
            0.280000  0.140000  0.000000
  -26.681  -26.655  -20.006  -16.828  -11.378  -10.225   -9.384   -8.589   -7.225   -6.924
   -6.358   -5.213   -4.683   -4.077   -3.112    2.988    4.351    6.004    7.224    7.600
    7.724    7.940    8.707    9.485   10.019   10.305   11.342   11.689   11.910   13.068
            0.273333  0.136667  0.000000
  -26.703  -26.676  -20.079  -16.889  -11.382  -10.104   -9.312   -8.534   -7.175   -6.874
   -6.323   -5.139   -4.648   -4.056   -3.081    2.997    4.332    6.014    7.171    7.517
    7.654    7.859    8.648    9.443    9.954   10.183   11.239   11.667   11.857   12.978
            0.266667  0.133333  0.000000
  -26.724  -26.697  -20.150  -16.949  -11.394   -9.980   -9.246   -8.471   -7.125   -6.824
   -6.287   -5.066   -4.611   -4.034   -3.049    3.006    4.314    6.022    7.109    7.433
    7.582    7.781    8.591    9.395    9.895   10.066   11.137   11.648   11.804   12.890
            0.260000  0.130000  0.000000
  -26.746  -26.717  -20.219  -17.007  -11.411   -9.858   -9.183   -8.399   -7.074   -6.774
   -6.252   -4.994   -4.570   -4.011   -3.016    3.014    4.296    6.028    7.042    7.349
    7.507    7.707    8.534    9.341    9.830    9.969   11.037   11.633   11.751   12.805
            0.253333  0.126667  0.000000
  -26.768  -26.738  -20.287  -17.064  -11.432   -9.740   -9.119   -8.320   -7.022   -6.723
   -6.217   -4.925   -4.524   -3.988   -2.983    3.020    4.280    6.032    6.969    7.265
    7.429    7.636    8.477    9.280    9.737    9.915   10.938   11.620   11.700   12.722
            0.246667  0.123333  0.000000
  -26.789  -26.759  -20.353  -17.120  -11.455   -9.633   -9.052   -8.234   -6.970   -6.672
   -6.182   -4.860   -4.473   -3.964   -2.949    3.025    4.264    6.034    6.894    7.181
    7.350    7.565    8.419    9.214    9.620    9.897   10.841   11.604   11.657   12.644
            0.240000  0.120000  0.000000
  -26.811  -26.779  -20.418  -17.174  -11.481   -9.541   -8.974   -8.143   -6.918   -6.621
   -6.147   -4.798   -4.417   -3.940   -2.915    3.027    4.250    6.034    6.816    7.097
    7.270    7.495    8.359    9.143    9.494    9.899   10.747   11.569   11.634   12.568
            0.233333  0.116667  0.000000
  -26.832  -26.799  -20.480  -17.227  -11.508   -9.467   -8.883   -8.048   -6.866   -6.570
   -6.112   -4.740   -4.354   -3.915   -2.880    3.028    4.237    6.034    6.738    7.011
    7.189    7.424    8.295    9.068    9.365    9.913   10.657   11.521   11.631   12.496
            0.226667  0.113333  0.000000
  -26.853  -26.819  -20.541  -17.278  -11.536   -9.410   -8.779   -7.951   -6.813   -6.519
   -6.077   -4.686   -4.285   -3.890   -2.844    3.026    4.226    6.032    6.660    6.925
    7.109    7.352    8.228    8.992    9.235    9.935   10.573   11.468   11.634   12.428
            0.220000  0.110000  0.000000
  -26.873  -26.839  -20.600  -17.328  -11.564   -9.370   -8.662   -7.851   -6.761   -6.469
   -6.043   -4.635   -4.212   -3.863   -2.808    3.020    4.218    6.029    6.583    6.839
    7.030    7.280    8.157    8.915    9.103    9.960   10.495   11.414   11.640   12.365
            0.213333  0.106667  0.000000
  -26.894  -26.859  -20.658  -17.376  -11.593   -9.341   -8.538   -7.751   -6.709   -6.419
   -6.009   -4.586   -4.134   -3.836   -2.771    3.012    4.212    6.025    6.507    6.751
    6.953    7.208    8.083    8.838    8.972    9.982   10.429   11.360   11.649   12.307
            0.206667  0.103333  0.000000
  -26.914  -26.878  -20.713  -17.423  -11.621   -9.321   -8.409   -7.649   -6.656   -6.370
   -5.976   -4.539   -4.053   -3.808   -2.734    3.001    4.209    6.020    6.432    6.664
    6.877    7.135    8.006    8.761    8.840    9.993   10.380   11.307   11.658   12.255
            0.200000  0.100000  0.000000
  -26.934  -26.897  -20.767  -17.469  -11.650   -9.307   -8.277   -7.548   -6.604   -6.322
   -5.943   -4.494   -3.971   -3.777   -2.697    2.985    4.208    6.014    6.358    6.575
    6.803    7.062    7.927    8.681    8.714    9.985   10.355   11.255   11.666   12.210
            0.193333  0.096667  0.000000
  -26.953  -26.916  -20.819  -17.513  -11.678   -9.298   -8.144   -7.446   -6.553   -6.274
   -5.911   -4.448   -3.890   -3.743   -2.659    2.967    4.210    6.007    6.286    6.487
    6.731    6.989    7.845    8.570    8.618    9.955   10.355   11.204   11.671   12.175
            0.186667  0.093333  0.000000
  -26.972  -26.934  -20.870  -17.556  -11.706   -9.293   -8.012   -7.345   -6.502   -6.228
   -5.879   -4.402   -3.814   -3.702   -2.622    2.945    4.215    5.999    6.216    6.399
    6.661    6.917    7.762    8.442    8.544    9.907   10.374   11.156   11.671   12.151
            0.180000  0.090000  0.000000
  -26.991  -26.952  -20.918  -17.597  -11.734   -9.290   -7.882   -7.245   -6.452   -6.183
   -5.848   -4.356   -3.753   -3.644   -2.584    2.920    4.222    5.989    6.148    6.310
    6.593    6.846    7.678    8.313    8.473    9.850   10.402   11.110   11.665   12.139
            0.173333  0.086667  0.000000
  -27.009  -26.969  -20.965  -17.637  -11.760   -9.289   -7.755   -7.145   -6.402   -6.139
   -5.818   -4.309   -3.708   -3.569   -2.546    2.891    4.232    5.976    6.082    6.223
    6.528    6.775    7.594    8.185    8.405    9.789   10.434   11.068   11.651   12.140
            0.166667  0.083333  0.000000
  -27.027  -26.986  -21.010  -17.675  -11.787   -9.289   -7.630   -7.046   -6.353   -6.096
   -5.789   -4.260   -3.672   -3.485   -2.508    2.859    4.244    5.959    6.020    6.137
    6.465    6.706    7.510    8.058    8.339    9.727   10.463   11.032   11.630   12.152
            0.160000  0.080000  0.000000
  -27.044  -27.002  -21.054  -17.712  -11.812   -9.291   -7.510   -6.948   -6.305   -6.054
   -5.760   -4.211   -3.639   -3.396   -2.471    2.825    4.257    5.929    5.969    6.055
    6.404    6.639    7.427    7.933    8.275    9.665   10.487   11.001   11.604   12.174
            0.153333  0.076667  0.000000
  -27.061  -27.018  -21.095  -17.747  -11.837   -9.293   -7.394   -6.851   -6.259   -6.015
   -5.732   -4.160   -3.608   -3.306   -2.433    2.788    4.272    5.878    5.929    5.983
    6.346    6.575    7.346    7.810    8.214    9.605   10.504   10.979   11.574   12.203
            0.146667  0.073333  0.000000
  -27.077  -27.034  -21.135  -17.781  -11.861   -9.296   -7.283   -6.755   -6.213   -5.976
   -5.705   -4.108   -3.578   -3.215   -2.396    2.750    4.289    5.820    5.866    5.939
    6.289    6.515    7.267    7.689    8.155    9.546   10.510   10.966   11.542   12.238
            0.140000  0.070000  0.000000
  -27.093  -27.049  -21.173  -17.813  -11.885   -9.300   -7.178   -6.660   -6.169   -5.939
   -5.679   -4.054   -3.548   -3.124   -2.360    2.709    4.306    5.760    5.791    5.910
    6.235    6.458    7.190    7.571    8.099    9.489   10.507   10.962   11.510   12.277
            0.133333  0.066667  0.000000
  -27.108  -27.063  -21.210  -17.844  -11.907   -9.304   -7.078   -6.567   -6.125   -5.903
   -5.654   -3.999   -3.518   -3.034   -2.324    2.666    4.325    5.698    5.717    5.880
    6.183    6.408    7.116    7.455    8.045    9.435   10.495   10.965   11.477   12.318
            0.126667  0.063333  0.000000
  -27.122  -27.077  -21.244  -17.873  -11.929   -9.308   -6.984   -6.477   -6.084   -5.869
   -5.631   -3.943   -3.489   -2.945   -2.288    2.623    4.344    5.628    5.653    5.848
    6.133    6.363    7.045    7.343    7.994    9.383   10.476   10.975   11.444   12.360
            0.120000  0.060000  0.000000
  -27.136  -27.090  -21.277  -17.901  -11.949   -9.312   -6.896   -6.388   -6.044   -5.836
   -5.608   -3.886   -3.461   -2.857   -2.254    2.578    4.363    5.555    5.594    5.812
    6.085    6.325    6.977    7.234    7.945    9.334   10.452   10.988   11.413   12.403
            0.113333  0.056667  0.000000
  -27.149  -27.102  -21.308  -17.928  -11.969   -9.317   -6.813   -6.303   -6.005   -5.804
   -5.586   -3.828   -3.432   -2.771   -2.221    2.532    4.382    5.484    5.537    5.774
    6.038    6.293    6.913    7.129    7.899    9.287   10.425   11.004   11.383   12.444
            0.106667  0.053333  0.000000
  -27.162  -27.114  -21.338  -17.952  -11.987   -9.321   -6.737   -6.222   -5.969   -5.774
   -5.565   -3.770   -3.405   -2.687   -2.188    2.487    4.401    5.414    5.481    5.734
    5.994    6.267    6.853    7.027    7.855    9.242   10.397   11.020   11.353   12.478
            0.100000  0.050000  0.000000
  -27.174  -27.126  -21.365  -17.976  -12.005   -9.326   -6.666   -6.144   -5.934   -5.744
   -5.545   -3.712   -3.378   -2.606   -2.157    2.441    4.420    5.348    5.424    5.693
    5.952    6.246    6.796    6.930    7.814    9.201   10.368   11.036   11.326   12.435
            0.093333  0.046667  0.000000
  -27.185  -27.136  -21.391  -17.998  -12.021   -9.330   -6.600   -6.072   -5.901   -5.715
   -5.527   -3.653   -3.352   -2.527   -2.128    2.396    4.438    5.285    5.367    5.652
    5.913    6.229    6.743    6.838    7.775    9.162   10.339   11.051   11.300   12.394
            0.086667  0.043333  0.000000
  -27.195  -27.146  -21.415  -18.018  -12.037   -9.334   -6.540   -6.005   -5.869   -5.686
   -5.510   -3.596   -3.326   -2.451   -2.099    2.351    4.456    5.226    5.311    5.612
    5.876    6.215    6.692    6.753    7.739    9.126   10.311   11.066   11.275   12.355
            0.080000  0.040000  0.000000
  -27.205  -27.155  -21.437  -18.037  -12.051   -9.338   -6.485   -5.944   -5.840   -5.657
   -5.494   -3.539   -3.302   -2.378   -2.073    2.307    4.473    5.170    5.255    5.575
    5.843    6.204    6.639    6.678    7.706    9.092   10.284   11.079   11.253   12.320
            0.073333  0.036667  0.000000
  -27.214  -27.164  -21.457  -18.054  -12.065   -9.342   -6.434   -5.890   -5.813   -5.627
   -5.479   -3.485   -3.279   -2.310   -2.048    2.265    4.489    5.118    5.199    5.540
    5.812    6.194    6.576    6.624    7.675    9.062   10.259   11.091   11.232   12.287
            0.066667  0.033333  0.000000
  -27.222  -27.172  -21.476  -18.070  -12.077   -9.346   -6.389   -5.843   -5.788   -5.598
   -5.466   -3.432   -3.257   -2.245   -2.025    2.224    4.504    5.070    5.146    5.508
    5.784    6.186    6.507    6.583    7.647    9.033   10.235   11.101   11.213   12.258
            0.060000  0.030000  0.000000
  -27.230  -27.179  -21.493  -18.085  -12.088   -9.349   -6.348   -5.803   -5.766   -5.568
   -5.453   -3.383   -3.237   -2.185   -2.003    2.186    4.518    5.027    5.095    5.479
    5.758    6.179    6.443    6.550    7.622    9.008   10.214   11.110   11.195   12.231
            0.053333  0.026667  0.000000
  -27.236  -27.185  -21.508  -18.098  -12.098   -9.352   -6.312   -5.770   -5.745   -5.538
   -5.442   -3.336   -3.218   -2.130   -1.984    2.150    4.531    4.988    5.046    5.453
    5.736    6.173    6.383    6.520    7.599    8.985   10.194   11.118   11.180   12.208
            0.046667  0.023333  0.000000
  -27.242  -27.191  -21.521  -18.109  -12.106   -9.355   -6.281   -5.743   -5.727   -5.509
   -5.433   -3.294   -3.202   -2.080   -1.967    2.117    4.543    4.953    5.001    5.430
    5.716    6.168    6.330    6.496    7.579    8.965   10.177   11.125   11.166   12.187
            0.040000  0.020000  0.000000
  -27.247  -27.196  -21.533  -18.119  -12.114   -9.357   -6.254   -5.721   -5.711   -5.483
   -5.424   -3.256   -3.187   -2.036   -1.952    2.088    4.553    4.923    4.961    5.410
    5.699    6.163    6.283    6.474    7.561    8.948   10.161   11.130   11.154   12.169
            0.033333  0.016667  0.000000
  -27.252  -27.200  -21.543  -18.127  -12.121   -9.359   -6.231   -5.703   -5.698   -5.459
   -5.417   -3.223   -3.174   -1.998   -1.939    2.062    4.563    4.897    4.925    5.394
    5.685    6.159    6.242    6.457    7.546    8.933   10.148   11.135   11.144   12.154
            0.026667  0.013333  0.000000
  -27.255  -27.203  -21.551  -18.134  -12.126   -9.361   -6.212   -5.690   -5.687   -5.439
   -5.411   -3.195   -3.163   -1.967   -1.929    2.041    4.571    4.876    4.895    5.380
    5.673    6.156    6.209    6.443    7.534    8.921   10.137   11.135   11.139   12.142
            0.020000  0.010000  0.000000
  -27.258  -27.206  -21.557  -18.139  -12.130   -9.362   -6.198   -5.680   -5.678   -5.422
   -5.407   -3.173   -3.155   -1.942   -1.920    2.024    4.578    4.859    4.871    5.370
    5.664    6.153    6.183    6.432    7.525    8.912   10.129   11.129   11.141   12.132
            0.013333  0.006667  0.000000
  -27.260  -27.208  -21.561  -18.143  -12.133   -9.363   -6.188   -5.673   -5.672   -5.410
   -5.403   -3.157   -3.149   -1.924   -1.914    2.011    4.583    4.848    4.853    5.362
    5.658    6.151    6.164    6.425    7.518    8.905   10.123   11.125   11.143   12.126
            0.006667  0.003333  0.000000
  -27.261  -27.209  -21.564  -18.145  -12.135   -9.364   -6.181   -5.669   -5.669   -5.403
   -5.401   -3.147   -3.145   -1.913   -1.911    2.004    4.586    4.840    4.842    5.358
    5.654    6.150    6.153    6.421    7.514    8.901   10.119   11.122   11.144   12.122
            0.000000  0.000000  0.000000
  -27.262  -27.210  -21.565  -18.146  -12.135   -9.364   -6.179   -5.667   -5.667   -5.401
   -5.401   -3.144   -3.144   -1.910   -1.910    2.001    4.587    4.838    4.838    5.356
    5.652    6.149    6.149    6.419    7.513    8.900   10.118   11.121   11.145   12.120
